# in Mpc/h Units 
# D1 = 1 
# k P N P(z=0)
0.00628319 2724.03 6 2724.03
0.00888577 15081.2 12 15081.2
0.0108828 33482.6 8 33482.6
0.0125664 13904 6 13904
0.0140496 22080.2 24 22080.2
0.0153906 22010.7 24 22010.7
0.0177715 23569.6 12 23569.6
0.0188496 36811.9 30 36811.9
0.0198692 23750.5 24 23750.5
0.020839 22939.3 24 22939.3
0.0217656 27283.8 8 27283.8
0.0226543 25748.2 24 25748.2
0.0235095 31018.2 48 31018.2
0.0251327 12448.5 6 12448.5
0.0259062 17436.2 48 17436.2
0.0266573 17422.6 36 17422.6
0.0273878 17513.6 24 17513.6
0.0280993 18102.1 24 18102.1
0.0287932 19313.8 48 19313.8
0.0294708 19484.7 24 19484.7
0.0307812 22412.5 24 22412.5
0.0314159 22301.3 30 22301.3
0.0320381 12700 72 12700
0.0326484 18329.8 32 18329.8
0.033836 16671.1 72 16671.1
0.0344144 17558.2 48 17558.2
0.0355431 21951.7 12 21951.7
0.0360942 16311.5 48 16311.5
0.036637 12636.8 48 12636.8
0.0371718 17492.8 48 17492.8
0.0376991 18683.1 30 18683.1
0.0382191 8946.96 24 8946.96
0.0387322 15471.1 72 15471.1
0.0397384 17112.9 24 17112.9
0.040232 12780.7 96 12780.7
0.0407197 16266.1 48 16266.1
0.0412016 16039.6 24 16039.6
0.0416779 11955.3 24 11955.3
0.0421489 12096.7 72 12096.7
0.0426146 14691.1 48 14691.1
0.0435312 4137.47 8 4137.47
0.0439823 10509.3 54 10509.3
0.0444288 14372.8 84 14372.8
0.0448709 11018.9 48 11018.9
0.0453087 12931.3 24 12931.3
0.0457423 16818.1 72 16818.1
0.0461718 14993.9 96 14993.9
0.0470191 14652.2 48 14652.2
0.047437 12751.9 48 12751.9
0.0478513 11562.6 24 11562.6
0.0482621 8261.5 72 8261.5
0.0490732 14976.8 72 14976.8
0.0494739 14335 96 14335
0.0502655 15075.7 6 15075.7
0.0506567 15333.3 96 15333.3
0.0510448 10146.5 96 10146.5
0.0514301 13291.5 24 13291.5
0.0518125 9882.63 48 9882.63
0.0521921 11423.5 96 11423.5
0.0525689 10351.9 48 10351.9
0.0533146 8705.38 36 8705.38
0.0536836 8055.38 48 8055.38
0.05405 12361.9 120 12361.9
0.054414 11643.3 56 11643.3
0.0547755 6283.66 24 6283.66
0.0551347 8702.41 96 8702.41
0.0554916 15786.4 48 15786.4
0.0561985 11527.4 24 11527.4
0.0565487 13879.2 102 13879.2
0.0568967 10790.4 48 10790.4
0.0572425 9473.09 72 9473.09
0.0575863 8460.58 48 8460.58
0.0579281 7603.01 48 7603.01
0.0582679 11125.9 120 11125.9
0.0589415 11956.3 24 11956.3
0.0592755 10531.1 144 10531.1
0.0596075 10793.2 120 10793.2
0.0599378 12911.5 48 12911.5
0.0605928 13672.5 48 13672.5
0.0609177 8481.59 96 8481.59
0.0615624 9046.11 24 9046.11
0.0618822 13079.2 48 13079.2
0.0622004 10444.2 108 10444.2
0.0625169 10294.5 72 10294.5
0.0628319 10717.9 30 10717.9
0.0631452 12005 168 12005
0.0634571 9028.76 48 9028.76
0.0640762 10320.4 72 10320.4
0.0643835 11536.5 96 11536.5
0.0646894 11485.5 72 11485.5
0.0649938 6738.61 72 6738.61
0.0652968 13247.7 32 13247.7
0.0655984 9547.19 72 9547.19
0.0658986 7788.44 144 7788.44
0.0667912 8597.25 96 8597.25
0.0670861 9671.04 96 9671.04
0.0673797 9144.4 48 9144.4
0.067672 6195.8 72 6195.8
0.067963 9232.39 120 9232.39
0.0682529 8903.62 72 8903.62
0.0688288 7652.05 48 7652.05
0.069115 7970.7 78 7970.7
0.0694001 9823.94 120 9823.94
0.0696839 7347.72 48 7347.72
0.0702481 9549.26 144 9549.26
0.0705286 7896.9 144 7896.9
0.0710861 14904.1 12 14904.1
0.0713633 8647.97 144 8647.97
0.0716393 11172.3 48 11172.3
0.0719926 8184.93 168 8184.93
0.0724612 10195.7 48 10195.7
0.0727331 10881.6 168 10881.6
0.0734532 8688.33 144 8688.33
0.0738107 6787.2 96 6787.2
0.0740777 7024.5 72 7024.5
0.0743437 7039.18 48 7039.18
0.0746967 8483.83 144 8483.83
0.0753982 12424.1 30 12424.1
0.0758332 8542.31 288 8542.31
0.0761796 10388.1 56 10388.1
0.0766638 11119.4 192 11119.4
0.076953 10335.7 120 10335.7
0.0776339 7482.19 216 7482.19
0.0779723 13061.1 96 13061.1
0.078225 8042.17 96 8042.17
0.0787281 7517.01 72 7517.01
0.0789784 7846.05 96 7846.05
0.0794767 5144.35 24 5144.35
0.0798137 7968.75 300 7968.75
0.0802183 5099.45 24 5099.45
0.0805865 8487.11 192 8487.11
0.0809532 9855.22 120 9855.22
0.0814394 10223 48 10223
0.0818379 7141.03 222 7141.03
0.0821633 7323.33 120 7323.33
0.0826125 6748.37 192 6748.37
0.0828809 6337.08 144 6337.08
0.0833559 5759.48 24 5759.48
0.0837495 7095.93 144 7095.93
0.0840633 7466.55 120 7466.55
0.0844439 7797.27 192 7797.27
0.0847648 9283.13 144 9283.13
0.0852293 9454.33 48 9454.33
0.0855594 7614.5 336 7614.5
0.0859213 7070.29 48 7070.29
0.0864252 7491.86 240 7491.86
0.0870624 3844.69 8 3844.69
0.0872888 7763.19 48 7763.19
0.087579 6777.16 336 6777.16
0.0881192 7089.97 174 7089.97
0.0884123 6857.33 120 6857.33
0.0889978 5926.05 228 5926.05
0.089427 7550.81 168 7550.81
0.0898883 7158.86 144 7158.86
0.0901807 5286.06 240 5286.06
0.0906174 10071.9 24 10071.9
0.090897 6144.96 336 6144.96
0.0913765 6539.95 144 6539.95
0.0917922 6646.69 168 6646.69
0.0923436 5489.98 96 5489.98
0.0926754 6923.37 216 6923.37
0.0932651 6019.56 288 6019.56
0.0936174 7272.57 144 7272.57
0.0941969 6977.74 198 6977.74
0.094573 6241.26 216 6241.26
0.0950225 7503.93 168 7503.93
0.0952892 5679.37 240 5679.37
0.0958792 5811.31 168 5811.31
0.0962314 5984.63 336 5984.63
0.0968099 5409.27 240 5409.27
0.097638 6605.27 276 6605.27
0.0981837 5422.34 344 5422.34
0.0985479 4241.34 144 4241.34
0.0990673 5273.27 240 5273.27
0.0994528 5726.82 312 5726.82
0.100098 6576.6 240 6576.6
0.100531 2614.38 6 2614.38
0.100874 5909.7 384 5909.7
0.101448 4836.8 312 4836.8
0.101924 5939.26 168 5939.26
0.102421 5137.06 336 5137.06
0.102983 6263.73 336 6263.73
0.103243 5356.27 192 5356.27
0.103879 5543.89 288 5543.89
0.104279 5186.92 216 5186.92
0.104705 5491.29 240 5491.29
0.105349 5636.92 384 5636.92
0.1057 5930.99 72 5930.99
0.106152 4945.97 336 4945.97
0.106914 4731.33 378 4731.33
0.107244 5123.84 144 5123.84
0.107631 5131.8 384 5131.8
0.10826 4995.94 384 4995.94
0.108777 4662.29 344 4662.29
0.10919 5043.16 144 5043.16
0.109816 4865.85 456 4865.85
0.110311 4917.9 312 4917.9
0.110746 5078.91 144 5078.91
0.111354 4692.07 552 4692.07
0.111965 4627.85 264 4627.85
0.112557 4386.47 264 4386.47
0.112926 4720.06 294 4720.06
0.113378 4534.09 432 4534.09
0.113986 4682.72 432 4682.72
0.114516 4512.05 264 4512.05
0.114915 4050.2 192 4050.2
0.115567 4381.07 468 4381.07
0.116093 4822.06 552 4822.06
0.116705 5087.04 336 5087.04
0.117239 4183.23 288 4183.23
0.117777 4501.25 456 4501.25
0.118366 4675.43 432 4675.43
0.118788 4165.55 168 4165.55
0.119469 4066.35 566 4066.35
0.120077 4177.13 432 4177.13
0.120751 4483.05 432 4483.05
0.121153 3970.68 360 3970.68
0.121711 3917.96 624 3917.96
0.122203 4258.75 264 4258.75
0.122718 4210.27 360 4210.27
0.123453 4090.32 456 4090.32
0.123969 4132.28 504 4132.28
0.12467 3872.17 564 3872.17
0.12526 4472.02 384 4472.02
0.125876 4553.48 462 4553.48
0.126429 4167.7 624 4167.7
0.127121 4464.67 432 4464.67
0.127677 4070.2 624 4070.2
0.128318 4668.17 312 4668.17
0.128807 4571.22 552 4571.22
0.129504 3919.79 408 3919.79
0.129878 4148.12 600 4148.12
0.130701 4128.52 608 4128.52
0.131297 3655.91 504 3655.91
0.131933 4179.22 510 4179.22
0.13258 4230.34 600 4230.34
0.133214 3608.65 492 3608.65
0.133672 3916.38 552 3916.38
0.134446 3847.12 696 3847.12
0.13492 3437.22 504 3437.22
0.135589 3874.7 528 3874.7
0.136149 4190.94 624 4190.94
0.136788 3694.21 504 3694.21
0.137489 3756.88 552 3756.88
0.138157 3488 654 3488
0.138792 3691.09 840 3691.09
0.139482 3608.21 744 3608.21
0.140148 3802.1 456 3802.1
0.140735 3467.54 648 3467.54
0.141506 3721.43 896 3721.43
0.142105 3632.03 396 3632.03
0.142726 3550.61 816 3550.61
0.14348 3612.22 672 3612.22
0.144008 3726.76 552 3726.76
0.14474 3331.79 894 3331.79
0.145447 3704.52 672 3704.52
0.146112 3218.31 624 3218.31
0.146784 3515.88 888 3515.88
0.147376 3447.58 720 3447.58
0.148179 3294.93 936 3294.93
0.148977 3647.45 648 3647.45
0.149637 3250.9 936 3250.9
0.150285 3696.23 696 3696.23
0.151106 3086.7 618 3086.7
0.151697 3168.28 1008 3168.28
0.15237 3410.02 872 3410.02
0.153147 3351.87 960 3351.87
0.153934 3209.9 888 3209.9
0.154569 3048.83 648 3048.83
0.155288 3204.66 840 3204.66
0.155941 3181.31 912 3181.31
0.156682 3236.12 774 3236.12
0.157451 3073.4 1272 3073.4
0.158249 3251.75 912 3251.75
0.159019 3128.8 864 3128.8
0.159745 3055.8 924 3055.8
0.160428 2815.4 1080 2815.4
0.161255 3069.78 1008 3069.78
0.161989 3101.04 1128 3101.04
0.162879 2691.46 768 2691.46
0.1635 2705.48 1046 2705.48
0.164304 2898.88 1152 2898.88
0.16512 2847.29 1272 2847.29
0.165918 2730.72 912 2730.72
0.166638 2760.67 1200 2760.67
0.167465 2906.98 1080 2906.98
0.1681 2898.39 840 2898.39
0.169017 2785.18 1332 2785.18
0.169783 2865.74 1062 2865.74
0.170536 2773.27 1320 2773.27
0.17142 2951.73 1248 2951.73
0.172167 2657.11 1104 2657.11
0.173001 2654.66 1392 2654.66
0.173739 2874.19 776 2874.19
0.174601 2540.77 1728 2540.77
0.175449 2551.8 1224 2551.8
0.17633 2595.76 1254 2595.76
0.177179 2487.32 1368 2487.32
0.177982 2631.79 1236 2631.79
0.178748 2516.75 1608 2516.75
0.179662 2515.88 1008 2515.88
0.180329 2579.89 1488 2579.89
0.181298 2391.9 1440 2391.9
0.182161 2464.01 1158 2464.01
0.182962 2588.67 1824 2588.67
0.183819 2565.15 1464 2565.15
0.184763 2738.44 1448 2738.44
0.18557 2481.28 1560 2481.28
0.186484 2473.07 1428 2473.07
0.187347 2472 1680 2472
0.188277 2438.24 1494 2438.24
0.189164 2487.19 1944 2487.19
0.190083 2302.67 1368 2302.67
0.190912 2502.06 1584 2502.06
0.191791 2494.07 1776 2494.07
0.192627 2286.76 1440 2286.76
0.19355 2327.02 1968 2327.02
0.194476 2332.59 1374 2332.59
0.195383 2340.52 2100 2340.52
0.196314 2451.71 1640 2451.71
0.19731 2249.61 2496 2249.61
0.198246 2197.61 1248 2197.61
0.198969 2306.04 1512 2306.04
0.200004 2298.82 2280 2298.82
0.200981 2287.64 1926 2287.64
0.201907 2254.3 2064 2254.3
0.202923 2202.35 1920 2202.35
0.203766 2138.53 1944 2138.53
0.204817 2185.15 2172 2185.15
0.205802 2274.96 2256 2274.96
0.206744 2305.19 1736 2305.19
0.207695 2226.93 2094 2226.93
0.208661 2049.25 2328 2049.25
0.209635 2140.82 2256 2140.82
0.210605 2105.43 1920 2105.43
0.211552 2162.65 2520 2162.65
0.212598 2148.72 2088 2148.72
0.213716 2159.63 2634 2159.63
0.214685 2106.58 2328 2106.58
0.215636 2077.68 2304 2077.68
0.2167 1989.95 2568 1989.95
0.217712 1955.84 2024 1955.84
0.21856 1978.76 2352 1978.76
0.21964 2007.37 2718 2007.37
0.220689 2015.91 2520 2015.91
0.221792 1937.6 2772 1937.6
0.222806 1980.42 2640 1980.42
0.223891 2003.27 2880 2003.27
0.224992 1911.11 2448 1911.11
0.225967 1833.35 2478 1833.35
0.226978 1909.56 2904 1909.56
0.228073 1750.71 2816 1750.71
0.229091 1844.79 3024 1844.79
0.230305 1828.03 2952 1828.03
0.231358 1757.47 2796 1757.47
0.232405 1910.3 2982 1910.3
0.23355 1859.5 3312 1859.5
0.234601 1848.55 2688 1848.55
0.235688 1838.22 3144 1838.22
0.236855 1798.74 3672 1798.74
0.237877 1815.36 2328 1815.36
0.239086 1822.81 4046 1822.81
0.240233 1763.63 2844 1763.63
0.241291 1737.44 3600 1737.44
0.242431 1743.33 3264 1743.33
0.243572 1749.99 3288 1749.99
0.244685 1751.8 3198 1751.8
0.245798 1652.24 3864 1652.24
0.246976 1687.81 3456 1687.81
0.248127 1703.85 3744 1703.85
0.24936 1629.56 3876 1629.56
0.250523 1635.17 3392 1635.17
0.251669 1667.95 3918 1667.95
0.252872 1609.73 3864 1609.73
0.254083 1633.65 4104 1633.65
0.255199 1683.45 3480 1683.45
0.256387 1595.34 4080 1595.34
0.257664 1626.72 4170 1626.72
0.258855 1623.1 4176 1623.1
0.26008 1573.28 4560 1573.28
0.261336 1569.67 3656 1569.67
0.262469 1598.27 4344 1598.27
0.263809 1600.37 4830 1600.37
0.265071 1533.52 4416 1533.52
0.266256 1554.15 3876 1554.15
0.267421 1532.84 4752 1532.84
0.268761 1533.26 4968 1533.26
0.2701 1457.81 4494 1457.81
0.27124 1519.78 4200 1519.78
0.272568 1476.53 5792 1476.53
0.273851 1519.48 4224 1519.48
0.275155 1511.2 5220 1511.2
0.276427 1458.18 4590 1458.18
0.277657 1481.28 5328 1481.28
0.27902 1420.05 5304 1420.05
0.280352 1433.82 5040 1433.82
0.281565 1510.25 4920 1510.25
0.282918 1427.82 5750 1427.82
0.284302 1397.61 5388 1397.61
0.285589 1462.55 5784 1462.55
0.286971 1412.22 5400 1412.22
0.288304 1399.2 5640 1399.2
0.289695 1419.01 5934 1419.01
0.291035 1434.16 6120 1434.16
0.292425 1409.34 5544 1409.34
0.293779 1396.22 6164 1396.22
0.295153 1373.19 5838 1373.19
0.296461 1380.57 6144 1380.57
0.297907 1351.17 6288 1351.17
0.299258 1311.13 6576 1311.13
0.300748 1301.98 6504 1301.98
0.302188 1306.21 6594 1306.21
0.30361 1338.16 7008 1338.16
0.305003 1326.45 6200 1326.45
0.306412 1327.94 6768 1327.94
0.307876 1307.67 7182 1307.67
0.309298 1269.44 6864 1269.44
0.310761 1265.32 7308 1265.32
0.312204 1253.65 6744 1253.65
0.313652 1272.76 7686 1272.76
0.315175 1273.36 7280 1273.36
0.31662 1260.5 7920 1260.5
0.318151 1260.98 7560 1260.98
0.319599 1258.9 6948 1258.9
0.321058 1227.3 8430 1227.3
0.322645 1198.73 8328 1198.73
0.324166 1197.83 7824 1197.83
0.32568 1194.6 8160 1194.6
0.327167 1232.36 8030 1232.36
0.328774 1193.96 9372 1193.96
0.330313 1186.05 7968 1186.05
0.331826 1195.81 8568 1195.81
0.333427 1195.97 8934 1195.97
0.334947 1168.59 8952 1168.59
0.336524 1187.04 8880 1187.04
0.338146 1152.33 9548 1152.33
0.339739 1122.63 9126 1122.63
0.341313 1154.42 9384 1154.42
0.342874 1160.29 9288 1160.29
0.344468 1137.55 9792 1137.55
0.346116 1115.09 9570 1115.09
0.34771 1106.26 10376 1106.26
0.349362 1115.77 10152 1115.77
0.351033 1086.08 9960 1086.08
0.352646 1102.68 10782 1102.68
0.354377 1080.75 10992 1080.75
0.356063 1107.75 10452 1107.75
0.357696 1084.08 10806 1084.08
0.359426 1087.47 11312 1087.47
0.361079 1077.24 11112 1077.24
0.362754 1087.26 10848 1087.26
0.364449 1053.95 11394 1053.95
0.366133 1050.59 11952 1050.59
0.367846 1060.06 11352 1060.06
0.369601 1042.36 12584 1042.36
0.371397 1061.41 12390 1061.41
0.373143 1001.07 12252 1001.07
0.374848 1025.43 12240 1025.43
0.37663 1025.96 12486 1025.96
0.378363 1001.39 13080 1001.39
0.380139 991.747 12968 991.747
0.381916 998.676 12612 998.676
0.38369 1007.08 13974 1007.08
0.385541 1007.32 13944 1007.32
0.387327 983.006 12840 983.006
0.3891 984.177 14358 984.177
0.390994 997.692 14588 997.692
0.392843 981.939 14688 981.939
0.394661 966.35 13560 966.35
0.396505 957.607 15582 957.607
0.398367 962.148 14544 962.148
0.400233 941.581 15420 941.581
0.402152 950.376 15614 950.376
0.40399 951.053 14880 951.053
0.405874 933.783 16728 933.783
0.407843 947.412 15690 947.412
0.409716 935.999 16248 935.999
0.411602 930.67 16584 930.67
0.413596 907.504 16904 907.504
0.415548 915.681 17430 915.681
0.417499 911.394 16908 911.394
0.419429 906.866 17640 906.866
0.421439 887.268 17550 887.268
0.4234 894.05 18696 894.05
0.425408 901.356 17792 901.356
0.42739 892.841 18138 892.841
0.42937 875.839 19392 875.839
0.431414 893.284 18768 893.284
0.433421 882.236 19038 882.236
0.435438 884.695 19460 884.695
0.437444 862.609 19992 862.609
0.4396 860.058 21174 860.058
0.441671 862.677 20040 862.677
0.443727 859.893 20628 859.893
0.445802 870.518 20798 870.518
0.447878 831.637 21480 831.637
0.449991 837.392 21792 837.392
0.452114 834.859 21414 834.859
0.454235 825.669 23100 825.669
0.456374 840.994 21992 840.994
0.458534 825.403 23406 825.403
0.460666 825.589 22536 825.589
0.46284 816.775 24348 816.775
0.465042 825.777 23598 825.777
0.467214 813.247 24224 813.247
0.469406 808.016 24648 808.016
0.471626 803.051 24618 803.051
0.473743 791.141 24192 791.141
0.475977 792.27 26208 792.27
0.478226 789.871 25790 789.871
0.480485 788.153 26916 788.153
0.482752 780.903 26214 780.903
0.485019 780.152 27528 780.152
0.487306 778.81 27720 778.81
0.48961 772.642 27122 772.642
0.491868 768.948 28632 768.948
0.494198 769.147 28680 769.147
0.496522 765.467 28722 765.467
0.498833 747.993 30000 747.993
0.501204 745.713 29408 745.713
0.50355 745.807 30678 745.807
0.505916 752.74 30660 752.74
0.508313 741.634 31494 741.634
0.510704 730.945 31448 730.945
0.513084 731.651 32160 731.651
0.515543 729.898 33090 729.898
0.51795 744.251 32664 744.251
0.520364 727.049 32718 727.049
0.522793 727.977 34472 727.977
0.52526 705.379 34260 705.379
0.527713 713.579 34302 713.579
0.530156 717.137 35472 717.137
0.532669 715.604 36020 715.604
0.535188 711.436 36942 711.436
0.5377 696.933 36360 696.933
0.540241 702.445 38166 702.445
0.542756 695.793 36804 695.793
0.545284 697.712 38864 697.712
0.54787 698.072 39366 698.072
0.550466 683.087 40068 683.087
0.553028 681.777 38910 681.777
0.555606 683.237 41360 683.237
0.558224 672.373 40782 672.373
0.56083 666.639 42204 666.639
0.56345 671.236 41544 671.236
0.566114 661.442 44510 661.442
0.568794 661.514 42948 661.514
0.57145 667.991 44478 667.991
0.574166 653.748 46032 653.748
0.576877 650.827 44402 650.827
0.57954 655.415 46320 655.415
0.582264 644.845 46848 644.845
0.585017 641.6 47814 641.6
0.587762 639.368 48260 639.368
0.590569 638.027 49758 638.027
0.593327 634.403 49032 634.403
0.596104 632.13 49770 632.13
0.598885 631.246 51056 631.246
0.601688 622.89 51504 622.89
0.60453 619.137 52866 619.137
0.607362 615.67 52848 615.67
0.610229 624.178 54542 624.178
0.613094 610.208 54276 610.208
0.615957 615.23 55062 615.23
0.618839 610.781 56568 610.781
0.62177 604.815 57266 604.815
0.624688 607.329 58056 607.329
0.627616 598.257 57750 598.257
0.630554 598.152 60380 598.152
0.633541 595.173 60390 595.173
0.63652 596.02 61608 596.02
0.639512 587.081 61362 587.081
0.64251 586.086 63752 586.086
0.64554 590.769 63528 590.769
0.648554 584.141 64050 584.141
0.651549 584.419 64784 584.419
0.654649 575.557 68814 575.557
0.657741 572.594 66156 572.594
0.66081 571.592 68718 571.592
0.663899 571.519 69104 571.519
0.667047 568.654 71682 568.654
0.670183 561.876 70512 561.876
0.673306 560.482 72278 560.482
0.676483 555.326 74532 555.326
0.679687 552.837 74454 552.837
0.682871 549.605 75540 549.605
0.686079 549.043 76526 549.043
0.689314 546.383 78648 546.383
0.692548 546.674 77370 546.674
0.695723 545.967 78272 545.967
0.698997 539.42 82710 539.42
0.702314 536.559 82146 536.559
0.705609 536.325 83712 536.325
0.708938 539.134 84710 539.134
0.712273 532.149 86172 532.149
0.715624 528.6 86406 528.6
0.718964 527.553 88244 527.553
0.722353 526.782 89670 526.782
0.725741 516.497 90792 516.497
0.729184 519.409 93194 519.409
0.732605 519.748 92352 519.748
0.736035 517.229 94914 517.229
0.739481 509.986 95504 509.986
0.742951 509.106 97230 509.106
0.746441 506.922 98802 506.922
0.749957 506.585 100952 506.585
0.753469 504.843 99990 504.843
0.756983 499.573 103356 499.573
0.760565 500.841 105014 500.841
0.764149 496.444 106548 496.444
0.767736 493.178 106302 493.178
0.771306 493.949 108002 493.949
0.774926 495.771 111696 495.771
0.778598 487.848 112158 487.848
0.782245 485.662 113300 485.662
0.785923 485.28 115302 485.28
0.789616 481.831 117396 481.831
0.793312 479.148 117158 479.148
0.797042 478.565 121470 478.565
0.800776 477.041 120660 477.041
0.804553 471.784 125030 471.784
0.808343 469.908 125388 469.908
0.812158 467.579 128094 467.579
0.815959 463.066 127058 463.066
0.819781 462.01 132336 462.01
0.823648 460.708 132006 460.708
0.827505 457.977 134162 457.977
0.8314 459.382 137760 459.382
0.835324 454.318 137802 454.318
0.839214 455.123 139016 455.123
0.843171 453.434 144354 453.434
0.847141 449.415 142814 449.415
0.851084 445.929 145932 445.929
0.855081 445.215 148206 445.215
0.859091 442.14 150566 442.14
0.863128 439.923 152820 439.923
0.867194 441.386 155142 441.386
0.87127 435.759 157220 435.759
0.875368 436.131 159198 436.131
0.879473 432.377 160994 432.377
0.883606 432.547 164544 432.547
0.887753 428.699 165282 428.699
0.891919 427.647 168350 427.647
0.896109 426.944 171660 426.944
0.900336 422.504 173622 422.504
0.904563 419.958 175034 419.958
0.908805 420.913 178512 420.913
0.913051 415.963 178646 415.963
0.917348 414.927 185466 414.927
0.921672 415.848 185382 415.848
0.925992 414.382 188252 414.382
0.930354 410.407 192126 410.407
0.93473 405.892 193562 405.892
0.939107 406.535 196176 406.535
0.943526 402.201 200130 402.201
0.947959 400.289 201326 400.289
0.952394 400.776 204972 400.776
0.956874 397.163 208406 397.163
0.961345 398.331 208362 398.331
0.965874 394.291 217662 394.291
0.970451 391.849 217124 391.849
0.974982 390.001 217446 390.001
0.979556 390.272 224690 390.272
0.984147 386.312 224058 386.312
0.988771 386.115 231848 386.115
0.993453 383.216 233994 383.216
0.998112 384.436 234198 384.436
1.00278 380.615 239708 380.615
1.00751 378.191 243630 378.191
1.01226 378.101 247010 378.101
1.01699 376.186 246414 376.186
1.02174 374.422 253772 374.422
1.02654 372.887 256902 372.887
1.03137 369.584 261066 369.584
1.03624 366.039 265958 366.039
1.0411 366.303 265098 366.303
1.04596 365.452 271424 365.452
1.05088 361.138 276858 361.138
1.05585 359.807 281186 359.807
1.06082 360.596 282918 360.596
1.06577 356.475 285146 356.475
1.07077 356.152 293280 356.152
1.07581 353.971 294602 353.971
1.08087 352.156 301278 352.156
1.08595 349.339 302954 349.339
1.09104 350.266 307674 350.266
1.09614 347.078 310560 347.078
1.1013 344.367 320834 344.367
1.1065 343.04 321582 343.04
1.1117 343.4 325226 343.4
1.11691 339.616 331422 339.616
1.12216 338.109 335066 338.109
1.12744 337.209 341340 337.209
1.13272 335.914 342038 335.914
1.13803 334.237 351354 334.237
1.14339 333.42 355478 333.42
1.14877 330.63 360066 330.63
1.15416 328.688 364634 328.688
1.15957 327.163 369072 327.163
1.16503 326.963 377642 326.963
1.17053 323.218 382074 323.218
1.17602 323.292 384014 323.292
1.18154 319.997 393066 319.997
1.18707 319.95 393950 319.95
1.19264 317.234 404154 317.234
1.19826 316.407 409178 316.407
1.20388 313.577 413334 313.577
1.20954 313.285 421196 313.285
1.21521 310.462 422658 310.462
1.22091 308.511 434990 308.511
1.22666 309.426 437442 309.426
1.23241 306.883 443066 306.883
1.2382 305.025 452150 305.025
1.24401 303.067 455538 303.067
1.24985 301.539 463382 301.539
1.25571 300.548 468666 300.548
1.26162 298.886 479642 298.886
1.26756 297.239 482814 297.239
1.2735 295.02 489386 295.02
1.27948 295.207 498642 295.207
1.2855 293.718 503450 293.718
1.29154 292.376 512838 292.376
1.29761 289.494 517586 289.494
1.30369 288.938 524372 288.938
1.3098 286.666 534270 286.666
1.31596 285.23 540386 285.23
1.32215 283.593 550938 283.593
1.32836 282.236 554270 282.236
1.33459 280.561 564978 280.561
1.34087 278.695 574370 278.695
1.34718 278.55 579614 278.55
1.3535 277.203 587778 277.203
1.35985 274.387 596978 274.387
1.36624 274.063 606570 274.063
1.37267 272.704 613982 272.704
1.37911 270.913 621200 270.913
1.38558 269.913 631386 269.913
1.39208 268.426 640418 268.426
1.39864 266.725 651870 266.725
1.40521 265.166 657770 265.166
1.4118 263.278 667082 263.278
1.41842 261.409 675810 261.409
1.42509 260.272 689318 260.272
1.4318 259.28 698754 259.28
1.43854 257.483 706922 257.483
1.44529 256.109 715562 256.109
1.45208 255.293 727662 255.293
1.45889 253.367 734426 253.367
1.46572 252.086 745746 252.086
1.4726 251.643 759698 251.643
1.47952 249.637 768140 249.637
1.48647 248.387 778770 248.387
1.49347 246.25 795842 246.25
1.50049 245.192 799442 245.192
1.50754 244.076 816042 244.076
1.51462 242.416 822038 242.416
1.52173 241.115 837722 241.115
1.52887 240.952 846330 240.952
1.53605 238.703 860768 238.703
1.54327 237.429 873722 237.429
1.55052 235.383 885438 235.383
1.55781 234.521 898730 234.521
1.56513 233.252 908402 233.252
1.57247 231.474 923226 231.474
1.57985 230.655 933944 230.655
1.58727 228.648 949730 228.648
1.59472 228.086 961278 228.086
1.60222 225.536 981218 225.536
1.60976 224.867 989186 224.867
1.6173 223.419 1001016 223.419
1.62489 222.151 1019138 222.151
1.63253 221.438 1032842 221.438
1.64019 219.781 1045394 219.781
1.6479 218.194 1066230 218.194
1.65565 217.121 1075496 217.121
1.66341 216.302 1090154 216.302
1.67122 214.555 1110378 214.555
1.67908 213.424 1124666 213.424
1.68697 211.919 1139624 211.919
1.6949 210.774 1157114 210.774
1.70286 209.626 1171434 209.626
1.71085 208.246 1188494 208.246
1.71889 207.478 1205504 207.478
1.72697 205.691 1226594 205.691
1.73508 204.412 1235562 204.412
1.74322 203.271 1259120 203.271
1.75141 202.211 1274498 202.211
1.75964 200.628 1295594 200.628
1.76791 199.766 1308312 199.766
1.77621 198.468 1333922 198.468
1.78456 196.78 1348418 196.78
1.79294 196.562 1366112 196.562
1.80136 194.812 1389738 194.812
1.80982 193.59 1407458 193.59
1.81832 192.721 1426520 192.721
1.82687 191.671 1448810 191.671
1.83545 190.35 1465802 190.35
1.84406 189.079 1488456 189.079
1.85272 187.77 1510766 187.77
1.86142 186.388 1528298 186.388
1.87016 185.21 1552784 185.21
1.87895 184.556 1579538 184.556
1.88779 183.255 1595784 183.255
1.89665 181.935 1619930 181.935
1.90555 180.822 1637186 180.822
1.91449 179.99 1669616 179.99
1.9235 178.673 1691834 178.673
1.93253 177.062 1706952 177.062
1.94159 176.397 1739630 176.397
1.95073 175.036 1765064 175.036
1.95988 173.947 1783538 173.947
1.9691 172.721 1817480 172.721
1.97835 171.661 1837034 171.661
1.98765 170.305 1866512 170.305
1.99698 169.39 1888242 169.39
2.00636 168.149 1917056 168.149
2.01577 167.425 1941554 167.425
2.02525 166.175 1978040 166.175
2.03477 165.2 1997426 165.2
2.04433 164.023 2029256 164.023
2.05393 162.975 2056370 162.975
2.06357 161.66 2084000 161.66
2.07326 160.73 2117778 160.73
2.083 159.698 2143952 159.698
2.09278 158.642 2175614 158.642
2.10261 157.431 2206400 157.431
2.11248 156.509 2233970 156.509
2.12241 155.637 2276456 155.637
2.13239 154.587 2301848 154.587
2.1424 153.232 2332922 153.232
2.15246 152.365 2366960 152.365
2.16256 151.344 2397698 151.344
2.17272 150.228 2436644 150.228
2.18293 149.45 2472608 149.45
2.19319 148.171 2503050 148.171
2.20348 147.388 2535392 147.388
2.21383 146.333 2581088 146.333
2.22424 145.23 2612762 145.23
2.23469 144.368 2647964 144.368
2.24518 143.339 2687216 143.339
2.25573 142.18 2724434 142.18
2.26633 141.091 2765840 141.091
2.27697 140.163 2798504 140.163
2.28766 139.241 2841326 139.241
2.29841 138.103 2886128 138.103
2.30921 137.507 2920808 137.507
2.32005 136.467 2967536 136.467
2.33094 135.414 3000674 135.414
2.34188 134.547 3050324 134.547
2.35289 133.723 3094664 133.723
2.36395 132.495 3136016 132.495
2.37505 131.84 3179546 131.84
2.38621 130.99 3227060 130.99
2.39742 129.825 3271832 129.825
2.40868 129.083 3315440 129.083
2.41998 128.186 3363800 128.186
2.43135 127.282 3414158 127.282
2.44278 126.18 3459752 126.18
2.45425 125.255 3508864 125.255
2.46578 124.529 3560804 124.529
2.47736 123.638 3608912 123.638
2.489 122.702 3660608 122.702
2.50068 121.813 3707846 121.813
2.51243 120.883 3769664 120.883
2.52424 120.047 3822920 120.047
2.53609 119.229 3863564 119.229
2.548 118.326 3930704 118.326
2.55998 117.379 3986168 117.379
2.572 116.698 4034228 116.698
2.58406 116.022 4090816 116.022
2.5962 115.017 4160360 115.017
2.60841 114.205 4213436 114.205
2.62066 113.229 4270976 113.229
2.63296 112.561 4332308 112.561
2.64533 111.738 4395896 111.738
2.65775 110.825 4454378 110.825
2.67023 110.164 4517036 110.164
2.68278 109.368 4588552 109.368
2.69539 108.494 4651316 108.494
2.70805 107.718 4711190 107.718
2.72076 106.88 4782704 106.88
2.73355 106.133 4849964 106.133
2.74639 105.351 4917080 105.351
2.75928 104.588 4985260 104.588
2.77224 103.857 5060456 103.857
2.78527 103.021 5127788 103.021
2.79835 102.387 5201672 102.387
2.81149 101.501 5278196 101.501
2.8247 100.787 5350384 100.787
2.83797 100.084 5423492 100.084
2.8513 99.2855 5504720 99.2855
2.86469 98.5132 5581268 98.5132
2.87815 97.8492 5659270 97.8492
2.89166 97.1142 5736332 97.1142
2.90524 96.3347 5823104 96.3347
2.91889 95.7655 5909900 95.7655
2.93261 94.9357 5986168 94.9357
2.94637 94.2261 6064034 94.2261
2.96021 93.5672 6162248 93.5672
2.97412 92.8882 6249932 92.8882
2.9881 92.1944 6331588 92.1944
3.00213 91.3891 6424736 91.3891
3.01623 90.793 6515066 90.793
3.0304 90.1324 6607552 90.1324
3.04463 89.4355 6691412 89.4355
3.05892 88.7988 6796676 88.7988
3.0733 88.1339 6894838 88.1339
3.08773 87.3935 6983324 87.3935
3.10224 86.7881 7094120 86.7881
3.11681 86.1807 7182634 86.1807
3.13145 85.5678 7295588 85.5678
3.14616 84.968 7389992 84.968
3.16094 84.2101 7499434 84.2101
3.17579 83.6533 7606244 83.6533
3.1907 83.0608 7703654 83.0608
3.20568 82.3692 7823908 82.3692
3.22074 81.8353 7933148 81.8353
3.23587 81.1591 8035210 81.1591
3.25107 80.5958 8168648 80.5958
3.26635 80.0079 8270402 80.0079
3.28169 79.4197 8396284 79.4197
3.2971 78.8933 8496608 78.8933
3.31258 78.2165 8636482 78.2165
3.32814 77.5901 8744780 77.5901
3.34377 77.0653 8878274 77.0653
3.35948 76.5146 8998288 76.5146
3.37526 75.9487 9127058 75.9487
3.39111 75.3378 9258676 75.3378
3.40704 74.7217 9394994 74.7217
3.42305 74.215 9518530 74.215
3.43912 73.7176 9652352 73.7176
3.45528 73.1388 9800506 73.1388
3.47151 72.6052 9929156 72.6052
3.48782 72.1475 10079002 72.1475
3.5042 71.6169 10202930 71.6169
3.52065 71.0724 10362148 71.0724
3.53719 70.6024 10508450 70.6024
3.5538 70.0438 10647784 70.0438
3.5705 69.5509 10817954 69.5509
3.58727 69.0629 10950034 69.0629
3.60411 68.5786 11116484 68.5786
3.62105 68.089 11277610 68.089
3.63806 67.629 11430154 67.629
3.65514 67.1189 11580074 67.1189
3.6723 66.6488 11759140 66.6488
3.68955 66.1798 11924378 66.1798
3.70689 65.7045 12099850 65.7045
3.7243 65.2832 12260050 65.2832
3.7418 64.7786 12439484 64.7786
3.75937 64.3419 12606226 64.3419
3.77703 63.946 12800474 63.946
3.79477 63.4419 12964258 63.4419
3.81259 63.0783 13155874 63.0783
3.8305 62.6258 13345394 62.6258
3.84849 62.2198 13525540 62.2198
3.86657 61.8476 13730122 61.8476
3.88473 61.4096 13917890 61.4096
3.90298 61.0123 14114938 61.0123
3.92131 60.6358 14316682 60.6358
3.93974 60.2554 14520626 60.2554
3.95824 59.8457 14708962 59.8457
3.97682 59.4912 14936002 59.4912
3.9955 59.1392 15141986 59.1392
4.01428 58.7707 15366994 58.7707
4.03313 58.4296 15563242 58.4296
4.05207 58.0844 15794614 58.0844
4.07111 57.7169 16021226 57.7169
4.09023 57.4123 16238338 57.4123
4.10944 57.0624 16476706 57.0624
4.12874 56.7873 16717282 56.7873
4.14814 56.464 16935730 56.464
4.16762 56.192 17183270 56.192
4.18719 55.8903 17431546 55.8903
4.20686 55.614 17672128 55.614
4.22662 55.3183 17929450 55.3183
4.24648 55.0418 18181246 55.0418
4.26643 54.8266 18436154 54.8266
4.28646 54.5496 18688066 54.5496
4.30659 54.289 18966160 54.289
4.32682 54.0749 19228342 54.0749
4.34714 53.8504 19497994 53.8504
4.36756 53.6461 19789402 53.6461
4.38808 53.4459 20048224 53.4459
4.40868 53.2581 20340694 53.2581
4.42939 53.0976 20631698 53.0976
4.4502 52.9563 20920738 52.9563
4.4711 52.7636 21224764 52.7636
4.49211 52.6275 21524794 52.6275
4.51321 52.5411 21819694 52.5411
4.53441 52.4152 22136776 52.4152
4.55571 52.2881 22446490 52.2881
4.5771 52.2163 22753708 52.2163
4.5986 52.1464 23092930 52.1464
4.6202 52.0854 23405020 52.0854
4.6419 52.0497 23744914 52.0497
4.66371 51.9914 24090094 51.9914
4.68561 52.0128 24416584 52.0128
4.70762 52.0219 24763822 52.0219
4.72973 52.0617 25116112 52.0617
4.75194 52.1033 25474348 52.1033
4.77427 52.1848 25839802 52.1848
4.79669 52.2516 26191732 52.2516
4.81921 52.3748 26563339 52.3748
4.84183 52.2064 26678128 52.2064
4.86457 51.9195 26655828 51.9195
4.88742 51.6632 26675140 51.6632
4.91038 51.3888 26644864 51.3888
4.93344 51.1201 26631640 51.1201
4.95661 50.8481 26619904 50.8481
4.9799 50.5789 26596180 50.5789
5.00329 50.3196 26557060 50.3196
5.02679 50.1073 26532520 50.1073
5.0504 49.8571 26493240 49.8571
5.07412 49.6288 26453764 49.6288
5.09795 49.4247 26412544 49.4247
5.1219 49.1602 26360476 49.1602
5.14595 48.9638 26299600 48.9638
5.17012 48.7515 26254092 48.7515
5.19441 48.5308 26178916 48.5308
5.21881 48.318 26116096 48.318
5.24332 48.1281 26040928 48.1281
5.26795 47.941 25967736 47.941
5.29269 47.7702 25862260 47.7702
5.31755 47.5881 25796416 47.5881
5.34253 47.4373 25689396 47.4373
5.36762 47.2649 25577176 47.2649
5.39283 47.083 25489588 47.083
5.41816 46.9337 25373328 46.9337
5.44362 46.8058 25250224 46.8058
5.46918 46.6572 25122124 46.6572
5.49487 46.51 24990660 46.51
5.52068 46.4134 24856192 46.4134
5.54661 46.2939 24706228 46.2939
5.57266 46.1901 24558204 46.1901
5.59883 46.1019 24392068 46.1019
5.62513 46.0054 24237480 46.0054
5.65155 45.9226 24064336 45.9226
5.67809 45.8934 23876980 45.8934
5.70476 45.8002 23697324 45.8002
5.73156 45.7605 23498488 45.7605
5.75848 45.7468 23292324 45.7468
5.78553 45.7003 23100964 45.7003
5.81271 45.7037 22862988 45.7037
5.84 45.6795 22634848 45.6795
5.86743 45.7148 22410012 45.7148
5.89499 45.7287 22160572 45.7287
5.92268 45.7736 21915600 45.7736
5.9505 45.7928 21645516 45.7928
5.97844 45.8839 21372232 45.8839
6.00652 45.9527 21101172 45.9527
6.03474 46.0684 20815564 46.0684
6.06308 46.1596 20504628 46.1596
6.09156 46.2965 20204736 46.2965
6.12017 46.4402 19883356 46.4402
6.14891 46.6243 19552848 46.6243
6.17779 46.7877 19217196 46.7877
6.20681 47.0111 18861736 47.0111
6.23596 47.2019 18502836 47.2019
6.26525 47.453 18135780 47.453
6.29467 47.692 17749600 47.692
6.32424 47.9993 17354232 47.9993
6.35394 48.2741 16953228 48.2741
6.38378 48.6137 16529656 48.6137
6.41376 48.9244 16099164 48.9244
6.44388 49.2507 15659388 49.2507
6.47415 49.6118 15207864 49.6118
6.50455 49.9496 14736132 49.9496
6.5351 50.3 14255596 50.3
6.56579 50.6898 13762332 50.6898
6.59662 51.024 13252296 51.024
6.6276 51.3923 12731268 51.3923
6.65872 51.6765 12198720 51.6765
6.68999 51.9433 11649660 51.9433
6.72141 52.1053 11081952 52.1053
6.75296 52.1711 10500652 52.1711
6.78467 52.1015 9911376 52.1015
6.81652 51.8726 9301473 51.8726
6.84856 51.5985 8737218 51.5985
6.88073 51.555 8239530 51.555
6.91305 51.5704 7788972 51.5704
6.94552 51.6809 7357452 51.6809
6.97814 51.8737 6958434 51.8737
7.01093 52.022 6572454 52.022
7.04385 52.3441 6204966 52.3441
7.07693 52.5979 5851524 52.5979
7.11016 52.9537 5518854 52.9537
7.14356 53.3241 5192928 53.3241
7.17711 53.6732 4883690 53.6732
7.21082 54.3213 4585122 54.3213
7.24468 54.7519 4294452 54.7519
7.27871 55.3877 4020870 55.3877
7.31289 55.9782 3750774 55.9782
7.34723 56.6665 3496122 56.6665
7.38174 57.3849 3250038 57.3849
7.41641 58.24 3010904 58.24
7.45123 59.2134 2783520 59.2134
7.48622 60.1344 2566482 60.1344
7.52138 61.2285 2355504 61.2285
7.55668 62.4417 2154350 62.4417
7.59215 63.6504 1964322 63.6504
7.62781 65.1283 1782180 65.1283
7.66364 66.509 1608354 66.509
7.69963 68.1335 1442012 68.1335
7.73577 69.7424 1285878 69.7424
7.77208 71.584 1137636 71.584
7.80856 73.8076 999476 73.8076
7.84519 76.181 867846 76.181
7.88195 78.3671 746768 78.3671
7.91894 81.1296 636276 81.1296
7.95615 83.8761 532566 83.8761
7.99345 87.0875 435044 87.0875
8.03087 90.6305 351690 90.6305
8.06861 94.1503 275630 94.1503
8.1063 98.2069 204876 98.2069
8.14415 102.58 150770 102.58
8.18252 107.455 100542 107.455
8.22015 112.648 59294 112.648
8.25771 118.386 32538 118.386
8.29571 123.611 11726 123.611
8.32962 140.9 1560 140.9
8.35799 60.1102 1 60.1102
