# k pk_pkd pk_ref pk_pkd-SN pk_ref-SN
8.899641e-03 3.429222e+04 3.646514e+04 3.181694e+04 3.400609e+04
1.507912e-02 5.090274e+04 5.117970e+04 4.842747e+04 4.872064e+04
2.144790e-02 6.111597e+04 6.082896e+04 5.864069e+04 5.836990e+04
2.783661e-02 4.005799e+04 3.997235e+04 3.758272e+04 3.751329e+04
3.435100e-02 3.688610e+04 3.621243e+04 3.441083e+04 3.375338e+04
4.047887e-02 3.041815e+04 3.034810e+04 2.794287e+04 2.788905e+04
4.676717e-02 2.948839e+04 2.909299e+04 2.701311e+04 2.663393e+04
5.308225e-02 2.489190e+04 2.507177e+04 2.241662e+04 2.261271e+04
5.945362e-02 2.507806e+04 2.464512e+04 2.260279e+04 2.218606e+04
6.576225e-02 2.225499e+04 2.198255e+04 1.977971e+04 1.952349e+04
7.196633e-02 2.069391e+04 2.038498e+04 1.821863e+04 1.792593e+04
7.827861e-02 2.123798e+04 2.115153e+04 1.876270e+04 1.869247e+04
8.470399e-02 1.759623e+04 1.753453e+04 1.512095e+04 1.507547e+04
9.096855e-02 1.554707e+04 1.555057e+04 1.307179e+04 1.309152e+04
9.720790e-02 1.442450e+04 1.419066e+04 1.194922e+04 1.173160e+04
1.034763e-01 1.373878e+04 1.357891e+04 1.126350e+04 1.111985e+04
1.097576e-01 1.203221e+04 1.205444e+04 9.556932e+03 9.595379e+03
1.160543e-01 1.165947e+04 1.133563e+04 9.184192e+03 8.876577e+03
1.223670e-01 1.058590e+04 1.052370e+04 8.110623e+03 8.064641e+03
1.286817e-01 1.078742e+04 1.065348e+04 8.312139e+03 8.194420e+03
1.349501e-01 1.004741e+04 9.956044e+03 7.572128e+03 7.496987e+03
1.411950e-01 9.525881e+03 9.349178e+03 7.050603e+03 6.890121e+03
1.475134e-01 9.204280e+03 9.125077e+03 6.729002e+03 6.666020e+03
1.537865e-01 8.748398e+03 8.656170e+03 6.273120e+03 6.197113e+03
1.600658e-01 8.283242e+03 8.157951e+03 5.807963e+03 5.698894e+03
1.663991e-01 7.834881e+03 7.708962e+03 5.359602e+03 5.249905e+03
1.727196e-01 7.705184e+03 7.595449e+03 5.229906e+03 5.136392e+03
1.789765e-01 7.215471e+03 7.148623e+03 4.740193e+03 4.689566e+03
1.852354e-01 7.162890e+03 7.124543e+03 4.687612e+03 4.665487e+03
1.914807e-01 6.957651e+03 6.850403e+03 4.482373e+03 4.391346e+03
1.977890e-01 6.760642e+03 6.689747e+03 4.285363e+03 4.230690e+03
2.040938e-01 6.510495e+03 6.451532e+03 4.035217e+03 3.992475e+03
2.103939e-01 6.350507e+03 6.293185e+03 3.875229e+03 3.834129e+03
2.166910e-01 6.225912e+03 6.148165e+03 3.750634e+03 3.689108e+03
2.229700e-01 5.994359e+03 5.922858e+03 3.519080e+03 3.463801e+03
2.292620e-01 5.745957e+03 5.676620e+03 3.270679e+03 3.217563e+03
2.355142e-01 5.684934e+03 5.599627e+03 3.209656e+03 3.140571e+03
2.417911e-01 5.442891e+03 5.345560e+03 2.967613e+03 2.886503e+03
2.480857e-01 5.361581e+03 5.306295e+03 2.886303e+03 2.847239e+03
2.543492e-01 5.256794e+03 5.146731e+03 2.781516e+03 2.687675e+03
2.606334e-01 5.110399e+03 5.071264e+03 2.635121e+03 2.612208e+03
2.669257e-01 5.024612e+03 4.960966e+03 2.549334e+03 2.501910e+03
2.732423e-01 4.911479e+03 4.809298e+03 2.436201e+03 2.350242e+03
2.795530e-01 4.881131e+03 4.798295e+03 2.405853e+03 2.339239e+03
2.858366e-01 4.748474e+03 4.685258e+03 2.273195e+03 2.226201e+03
2.920876e-01 4.797607e+03 4.703010e+03 2.322328e+03 2.243954e+03
2.983450e-01 4.609953e+03 4.531176e+03 2.134675e+03 2.072120e+03
3.046383e-01 4.572715e+03 4.482290e+03 2.097437e+03 2.023233e+03
3.109279e-01 4.422845e+03 4.368240e+03 1.947567e+03 1.909183e+03
3.172168e-01 4.448337e+03 4.363167e+03 1.973058e+03 1.904111e+03
3.235188e-01 4.316990e+03 4.264459e+03 1.841711e+03 1.805402e+03
3.298168e-01 4.266122e+03 4.214607e+03 1.790844e+03 1.755551e+03
3.361176e-01 4.216794e+03 4.147754e+03 1.741516e+03 1.688697e+03
3.423700e-01 4.152747e+03 4.105543e+03 1.677469e+03 1.646486e+03
3.486478e-01 4.047082e+03 4.017212e+03 1.571803e+03 1.558156e+03
3.549412e-01 4.052879e+03 4.008016e+03 1.577601e+03 1.548959e+03
3.611917e-01 4.020266e+03 3.974252e+03 1.544988e+03 1.515196e+03
3.674767e-01 3.909334e+03 3.872775e+03 1.434055e+03 1.413719e+03
3.737648e-01 3.901671e+03 3.842159e+03 1.426392e+03 1.383103e+03
3.800654e-01 3.827187e+03 3.750782e+03 1.351909e+03 1.291725e+03
3.863540e-01 3.823104e+03 3.773545e+03 1.347826e+03 1.314489e+03
3.926140e-01 3.731692e+03 3.665949e+03 1.256413e+03 1.206892e+03
3.989265e-01 3.718863e+03 3.648528e+03 1.243585e+03 1.189471e+03
4.052073e-01 3.697945e+03 3.618562e+03 1.222667e+03 1.159505e+03
4.114916e-01 3.620688e+03 3.592585e+03 1.145410e+03 1.133528e+03
4.177814e-01 3.625369e+03 3.575846e+03 1.150091e+03 1.116790e+03
4.240401e-01 3.562738e+03 3.526344e+03 1.087460e+03 1.067288e+03
4.303426e-01 3.560434e+03 3.501015e+03 1.085156e+03 1.041958e+03
4.366359e-01 3.563801e+03 3.504488e+03 1.088523e+03 1.045431e+03
4.428996e-01 3.513808e+03 3.467519e+03 1.038530e+03 1.008463e+03
4.491634e-01 3.500185e+03 3.440182e+03 1.024907e+03 9.811258e+02
4.554414e-01 3.458958e+03 3.410407e+03 9.836798e+02 9.513506e+02
4.617634e-01 3.427426e+03 3.373632e+03 9.521479e+02 9.145751e+02
4.680644e-01 3.402706e+03 3.365262e+03 9.274281e+02 9.062058e+02
4.743485e-01 3.362115e+03 3.315952e+03 8.868367e+02 8.568951e+02
4.806356e-01 3.315978e+03 3.279345e+03 8.407000e+02 8.202887e+02
4.869019e-01 3.313686e+03 3.277494e+03 8.384075e+02 8.184370e+02
4.931697e-01 3.285097e+03 3.250647e+03 8.098192e+02 7.915903e+02
4.994507e-01 3.287587e+03 3.241705e+03 8.123084e+02 7.826484e+02
5.057159e-01 3.264402e+03 3.207183e+03 7.891234e+02 7.481260e+02
5.119924e-01 3.218111e+03 3.163645e+03 7.428325e+02 7.045888e+02
5.183126e-01 3.223021e+03 3.192986e+03 7.477424e+02 7.339295e+02
5.246090e-01 3.181641e+03 3.142068e+03 7.063631e+02 6.830110e+02
5.308757e-01 3.213232e+03 3.180335e+03 7.379542e+02 7.212786e+02
5.371574e-01 3.175702e+03 3.130065e+03 7.004239e+02 6.710088e+02
5.434580e-01 3.158196e+03 3.107625e+03 6.829174e+02 6.485683e+02
5.497431e-01 3.118980e+03 3.073464e+03 6.437016e+02 6.144074e+02
5.559937e-01 3.110346e+03 3.074769e+03 6.350682e+02 6.157127e+02
5.622855e-01 3.075872e+03 3.044054e+03 6.005941e+02 5.849973e+02
5.686012e-01 3.082312e+03 3.033538e+03 6.070337e+02 5.744817e+02
5.748805e-01 3.066453e+03 3.033197e+03 5.911753e+02 5.741398e+02
5.811550e-01 3.053195e+03 3.011051e+03 5.779165e+02 5.519944e+02
5.874394e-01 2.998064e+03 2.966053e+03 5.227859e+02 5.069959e+02
5.937176e-01 3.008464e+03 2.973132e+03 5.331861e+02 5.140756e+02
5.999972e-01 2.998949e+03 2.965675e+03 5.236704e+02 5.066179e+02
6.062679e-01 2.991549e+03 2.954276e+03 5.162704e+02 4.952189e+02
6.125470e-01 2.984671e+03 2.941399e+03 5.093931e+02 4.823423e+02
6.188478e-01 2.954512e+03 2.924430e+03 4.792338e+02 4.653731e+02
6.251311e-01 2.950656e+03 2.918100e+03 4.753775e+02 4.590437e+02
6.314027e-01 2.946569e+03 2.925124e+03 4.712910e+02 4.660673e+02
6.377004e-01 2.933309e+03 2.908731e+03 4.580308e+02 4.496746e+02
6.439858e-01 2.931966e+03 2.893929e+03 4.566877e+02 4.348721e+02
6.502685e-01 2.896400e+03 2.839865e+03 4.211216e+02 3.808080e+02
6.565586e-01 2.888544e+03 2.849895e+03 4.132654e+02 3.908378e+02
6.628369e-01 2.908204e+03 2.868831e+03 4.329259e+02 4.097742e+02
6.691185e-01 2.866117e+03 2.828944e+03 3.908390e+02 3.698870e+02
6.754070e-01 2.861306e+03 2.835683e+03 3.860281e+02 3.766265e+02
6.816836e-01 2.848390e+03 2.803572e+03 3.731114e+02 3.445150e+02
6.879593e-01 2.841259e+03 2.808149e+03 3.659804e+02 3.490920e+02
6.942344e-01 2.847469e+03 2.818291e+03 3.721905e+02 3.592343e+02
7.005175e-01 2.828636e+03 2.799670e+03 3.533582e+02 3.406131e+02
7.068125e-01 2.827104e+03 2.794007e+03 3.518259e+02 3.349499e+02
7.131019e-01 2.825144e+03 2.795669e+03 3.498659e+02 3.366123e+02
7.193918e-01 2.802630e+03 2.772324e+03 3.273514e+02 3.132672e+02
7.256834e-01 2.794430e+03 2.757837e+03 3.191518e+02 2.987805e+02
7.319653e-01 2.794160e+03 2.755002e+03 3.188821e+02 2.959457e+02
7.382508e-01 2.768411e+03 2.737626e+03 2.931333e+02 2.785696e+02
7.445266e-01 2.762606e+03 2.727445e+03 2.873281e+02 2.683881e+02
7.507871e-01 2.760255e+03 2.737215e+03 2.849765e+02 2.781578e+02
7.570758e-01 2.769922e+03 2.743266e+03 2.946438e+02 2.842089e+02
7.633641e-01 2.732917e+03 2.706135e+03 2.576385e+02 2.470781e+02
7.696463e-01 2.746642e+03 2.721640e+03 2.713634e+02 2.625830e+02
7.759395e-01 2.738844e+03 2.711248e+03 2.635654e+02 2.521911e+02
7.822329e-01 2.747161e+03 2.711868e+03 2.718831e+02 2.528117e+02
7.885315e-01 2.737989e+03 2.712751e+03 2.627105e+02 2.536940e+02
7.947897e-01 2.726998e+03 2.693739e+03 2.517203e+02 2.346824e+02
8.010491e-01 2.732787e+03 2.692137e+03 2.575087e+02 2.330800e+02
8.073364e-01 2.697035e+03 2.663881e+03 2.217567e+02 2.048244e+02
8.136229e-01 2.695305e+03 2.670945e+03 2.200273e+02 2.118880e+02
8.199153e-01 2.694863e+03 2.667132e+03 2.195853e+02 2.080756e+02
8.261953e-01 2.685555e+03 2.659350e+03 2.102767e+02 2.002937e+02
8.324897e-01 2.700615e+03 2.665743e+03 2.253369e+02 2.066866e+02
8.387959e-01 2.694634e+03 2.664941e+03 2.193561e+02 2.058843e+02
8.450635e-01 2.685970e+03 2.652567e+03 2.106918e+02 1.935100e+02
8.513283e-01 2.675684e+03 2.646092e+03 2.004057e+02 1.870350e+02
8.576198e-01 2.671329e+03 2.643614e+03 1.960511e+02 1.845577e+02
8.639058e-01 2.667486e+03 2.628836e+03 1.922080e+02 1.697788e+02
8.701839e-01 2.672565e+03 2.636611e+03 1.972869e+02 1.775545e+02
8.764641e-01 2.661790e+03 2.629347e+03 1.865114e+02 1.702902e+02
8.827504e-01 2.651965e+03 2.626604e+03 1.766872e+02 1.675468e+02
8.890333e-01 2.659665e+03 2.624842e+03 1.843869e+02 1.657856e+02
8.953084e-01 2.640212e+03 2.615109e+03 1.649334e+02 1.560524e+02
9.015957e-01 2.648851e+03 2.621650e+03 1.735726e+02 1.625933e+02
9.078833e-01 2.648611e+03 2.615344e+03 1.733328e+02 1.562869e+02
9.141744e-01 2.641301e+03 2.611574e+03 1.660227e+02 1.525177e+02
9.204631e-01 2.639011e+03 2.612070e+03 1.637332e+02 1.530133e+02
9.267434e-01 2.645537e+03 2.614623e+03 1.702587e+02 1.555667e+02
9.330324e-01 2.632650e+03 2.594605e+03 1.573717e+02 1.355485e+02
9.393266e-01 2.625850e+03 2.597107e+03 1.505719e+02 1.380501e+02
9.455975e-01 2.627202e+03 2.588900e+03 1.519240e+02 1.298435e+02
9.518660e-01 2.620570e+03 2.586600e+03 1.452918e+02 1.275434e+02
9.581413e-01 2.620909e+03 2.599925e+03 1.456305e+02 1.408678e+02
9.644351e-01 2.604338e+03 2.583297e+03 1.290597e+02 1.242405e+02
9.707356e-01 2.623416e+03 2.596451e+03 1.481374e+02 1.373944e+02
9.770081e-01 2.605337e+03 2.574759e+03 1.300587e+02 1.157021e+02
9.832823e-01 2.601062e+03 2.574508e+03 1.257835e+02 1.154508e+02
9.895570e-01 2.611997e+03 2.583254e+03 1.367188e+02 1.241973e+02
9.958456e-01 2.614720e+03 2.587053e+03 1.394421e+02 1.279959e+02
1.002136e+00 2.610932e+03 2.583602e+03 1.356543e+02 1.245451e+02
1.008405e+00 2.613610e+03 2.589927e+03 1.383315e+02 1.308704e+02
1.014694e+00 2.604818e+03 2.580630e+03 1.295395e+02 1.215730e+02
1.020993e+00 2.605562e+03 2.578362e+03 1.302837e+02 1.193051e+02
1.027274e+00 2.602271e+03 2.578832e+03 1.269933e+02 1.197749e+02
1.033559e+00 2.595631e+03 2.577308e+03 1.203526e+02 1.182515e+02
1.039848e+00 2.596031e+03 2.575107e+03 1.207531e+02 1.160499e+02
1.046127e+00 2.604930e+03 2.579402e+03 1.296521e+02 1.203456e+02
1.052403e+00 2.592170e+03 2.576137e+03 1.168922e+02 1.170805e+02
1.058681e+00 2.608371e+03 2.582619e+03 1.330933e+02 1.235618e+02
1.064964e+00 2.605244e+03 2.583417e+03 1.299657e+02 1.243606e+02
1.071257e+00 2.600409e+03 2.567347e+03 1.251305e+02 1.082902e+02
1.077544e+00 2.595045e+03 2.565826e+03 1.197669e+02 1.067696e+02
1.083825e+00 2.603914e+03 2.566211e+03 1.286356e+02 1.071544e+02
1.090108e+00 2.600470e+03 2.577273e+03 1.251917e+02 1.182163e+02
1.096390e+00 2.599839e+03 2.579968e+03 1.245606e+02 1.209108e+02
1.102681e+00 2.597325e+03 2.572654e+03 1.220467e+02 1.135973e+02
1.108963e+00 2.600070e+03 2.572188e+03 1.247920e+02 1.131314e+02
1.115225e+00 2.607203e+03 2.580285e+03 1.319246e+02 1.212282e+02
1.121502e+00 2.615328e+03 2.590697e+03 1.400495e+02 1.316400e+02
1.127793e+00 2.599046e+03 2.577807e+03 1.237679e+02 1.187502e+02
1.134090e+00 2.606191e+03 2.586140e+03 1.309124e+02 1.270837e+02
1.140364e+00 2.609927e+03 2.583624e+03 1.346489e+02 1.245677e+02
1.146639e+00 2.610560e+03 2.585396e+03 1.352818e+02 1.263392e+02
1.152942e+00 2.613543e+03 2.591987e+03 1.382646e+02 1.329307e+02
1.159229e+00 2.619133e+03 2.586417e+03 1.438544e+02 1.273602e+02
1.165509e+00 2.617729e+03 2.592350e+03 1.424507e+02 1.332932e+02
1.171793e+00 2.622990e+03 2.591679e+03 1.477118e+02 1.326225e+02
1.178087e+00 2.624460e+03 2.595982e+03 1.491816e+02 1.369251e+02
1.184368e+00 2.614136e+03 2.594235e+03 1.388581e+02 1.351783e+02
1.190635e+00 2.626580e+03 2.602108e+03 1.513017e+02 1.430517e+02
1.196912e+00 2.627606e+03 2.602607e+03 1.523282e+02 1.435504e+02
1.203202e+00 2.624190e+03 2.597649e+03 1.489122e+02 1.385924e+02
1.209487e+00 2.633860e+03 2.608951e+03 1.585820e+02 1.498948e+02
1.215764e+00 2.637152e+03 2.614650e+03 1.618739e+02 1.555930e+02
1.222050e+00 2.642716e+03 2.618636e+03 1.674378e+02 1.595790e+02
1.228341e+00 2.650677e+03 2.622616e+03 1.753984e+02 1.635594e+02
1.234633e+00 2.645594e+03 2.626611e+03 1.703156e+02 1.675542e+02
1.240902e+00 2.666304e+03 2.643103e+03 1.910259e+02 1.840459e+02
1.247175e+00 2.651239e+03 2.631617e+03 1.759611e+02 1.725605e+02
1.253465e+00 2.668124e+03 2.639732e+03 1.928462e+02 1.806749e+02
1.259750e+00 2.657464e+03 2.633014e+03 1.821861e+02 1.739576e+02
1.266032e+00 2.667369e+03 2.642452e+03 1.920910e+02 1.833957e+02
1.272316e+00 2.676070e+03 2.654362e+03 2.007916e+02 1.953057e+02
1.278604e+00 2.679378e+03 2.655501e+03 2.040997e+02 1.964446e+02
1.284887e+00 2.695529e+03 2.671793e+03 2.202511e+02 2.127367e+02
1.291175e+00 2.697096e+03 2.671995e+03 2.218181e+02 2.129382e+02
1.297466e+00 2.696951e+03 2.679349e+03 2.216732e+02 2.202924e+02
1.303742e+00 2.700880e+03 2.678172e+03 2.256016e+02 2.191149e+02
1.310017e+00 2.705665e+03 2.673848e+03 2.303871e+02 2.147910e+02
1.316301e+00 2.713074e+03 2.688734e+03 2.377961e+02 2.296776e+02
1.322587e+00 2.714435e+03 2.689323e+03 2.391572e+02 2.302661e+02
1.328865e+00 2.729371e+03 2.702543e+03 2.540928e+02 2.434861e+02
1.335145e+00 2.735544e+03 2.711185e+03 2.602657e+02 2.521285e+02
1.341441e+00 2.741821e+03 2.720897e+03 2.665423e+02 2.618407e+02
1.347731e+00 2.751185e+03 2.726027e+03 2.759064e+02 2.669702e+02
1.354002e+00 2.765991e+03 2.744127e+03 2.907128e+02 2.850703e+02
1.360283e+00 2.761850e+03 2.734825e+03 2.865716e+02 2.757684e+02
1.366566e+00 2.776014e+03 2.749031e+03 3.007362e+02 2.899748e+02
1.372851e+00 2.782777e+03 2.764244e+03 3.074988e+02 3.051874e+02
1.379135e+00 2.789785e+03 2.764133e+03 3.145073e+02 3.050767e+02
1.385410e+00 2.805644e+03 2.783039e+03 3.303660e+02 3.239826e+02
1.391699e+00 2.809332e+03 2.781527e+03 3.340541e+02 3.224703e+02
1.397984e+00 2.822438e+03 2.801995e+03 3.471598e+02 3.429383e+02
1.404268e+00 2.833766e+03 2.809155e+03 3.584879e+02 3.500983e+02
1.410555e+00 2.835408e+03 2.807815e+03 3.601296e+02 3.487581e+02
1.416838e+00 2.849981e+03 2.829308e+03 3.747024e+02 3.702513e+02
1.423118e+00 2.860261e+03 2.843545e+03 3.849826e+02 3.844888e+02
1.429398e+00 2.865322e+03 2.842337e+03 3.900436e+02 3.832799e+02
1.435687e+00 2.886891e+03 2.855598e+03 4.116133e+02 3.965412e+02
1.441977e+00 2.888473e+03 2.859911e+03 4.131945e+02 4.008539e+02
1.448254e+00 2.912622e+03 2.892864e+03 4.373441e+02 4.338075e+02
1.454532e+00 2.919749e+03 2.900547e+03 4.444705e+02 4.414901e+02
1.460819e+00 2.939275e+03 2.916465e+03 4.639972e+02 4.574081e+02
1.467110e+00 2.941720e+03 2.911005e+03 4.664421e+02 4.519482e+02
1.473393e+00 2.965124e+03 2.943635e+03 4.898454e+02 4.845782e+02
1.479670e+00 2.975630e+03 2.954552e+03 5.003517e+02 4.954957e+02
1.485956e+00 2.988858e+03 2.968507e+03 5.135798e+02 5.094505e+02
1.492234e+00 3.005570e+03 2.983438e+03 5.302914e+02 5.243812e+02
1.498502e+00 3.015719e+03 2.994486e+03 5.404408e+02 5.354296e+02
1.504786e+00 3.039026e+03 3.015480e+03 5.637481e+02 5.564231e+02
1.511076e+00 3.049796e+03 3.025917e+03 5.745178e+02 5.668606e+02
1.517362e+00 3.076156e+03 3.045214e+03 6.008775e+02 5.861569e+02
1.523649e+00 3.091521e+03 3.067574e+03 6.162429e+02 6.085168e+02
1.529938e+00 3.107403e+03 3.087802e+03 6.321248e+02 6.287456e+02
1.536230e+00 3.120387e+03 3.099388e+03 6.451086e+02 6.403314e+02
1.542511e+00 3.148416e+03 3.127171e+03 6.731374e+02 6.681144e+02
1.548784e+00 3.162939e+03 3.136970e+03 6.876613e+02 6.779137e+02
1.555073e+00 3.190344e+03 3.159958e+03 7.150660e+02 7.009012e+02
1.561357e+00 3.197429e+03 3.171753e+03 7.221512e+02 7.126964e+02
1.567629e+00 3.222953e+03 3.200908e+03 7.476753e+02 7.418516e+02
1.573914e+00 3.253897e+03 3.223620e+03 7.786189e+02 7.645633e+02
1.580204e+00 3.267359e+03 3.239646e+03 7.920807e+02 7.805889e+02
1.586485e+00 3.294239e+03 3.274690e+03 8.189610e+02 8.156333e+02
1.592760e+00 3.315644e+03 3.290742e+03 8.403655e+02 8.316852e+02
1.599046e+00 3.355430e+03 3.332501e+03 8.801519e+02 8.734440e+02
1.605342e+00 3.370752e+03 3.341524e+03 8.954741e+02 8.824675e+02
1.611620e+00 3.381974e+03 3.351015e+03 9.066960e+02 8.919581e+02
1.617897e+00 3.386867e+03 3.362579e+03 9.115889e+02 9.035222e+02
1.624183e+00 3.386831e+03 3.369645e+03 9.115525e+02 9.105888e+02
1.630464e+00 3.405179e+03 3.382645e+03 9.299007e+02 9.235879e+02
1.636748e+00 3.418838e+03 3.391788e+03 9.435594e+02 9.327308e+02
1.643030e+00 3.420307e+03 3.394534e+03 9.450288e+02 9.354774e+02
1.649308e+00 3.435195e+03 3.407614e+03 9.599171e+02 9.485570e+02
1.655592e+00 3.435762e+03 3.413657e+03 9.604837e+02 9.545999e+02
1.661878e+00 3.440062e+03 3.425640e+03 9.647836e+02 9.665837e+02
1.668168e+00 3.445689e+03 3.416495e+03 9.704108e+02 9.574386e+02
1.674450e+00 3.463234e+03 3.440038e+03 9.879558e+02 9.809809e+02
1.680721e+00 3.476985e+03 3.446558e+03 1.001706e+03 9.875009e+02
1.687012e+00 3.469064e+03 3.444282e+03 9.937854e+02 9.852256e+02
1.693307e+00 3.490191e+03 3.465624e+03 1.014912e+03 1.006568e+03
1.699581e+00 3.505042e+03 3.476739e+03 1.029764e+03 1.017682e+03
1.705862e+00 3.504707e+03 3.485378e+03 1.029429e+03 1.026321e+03
1.712152e+00 3.518905e+03 3.493160e+03 1.043627e+03 1.034103e+03
1.718435e+00 3.516287e+03 3.491172e+03 1.041009e+03 1.032116e+03
1.724718e+00 3.542035e+03 3.514726e+03 1.066757e+03 1.055669e+03
1.730995e+00 3.547541e+03 3.520870e+03 1.072263e+03 1.061813e+03
1.737286e+00 3.563948e+03 3.529236e+03 1.088670e+03 1.070179e+03
1.743566e+00 3.579101e+03 3.545294e+03 1.103823e+03 1.086238e+03
1.749836e+00 3.578494e+03 3.551876e+03 1.103216e+03 1.092819e+03
1.756123e+00 3.599907e+03 3.571106e+03 1.124629e+03 1.112049e+03
1.762411e+00 3.607058e+03 3.577324e+03 1.131780e+03 1.118268e+03
1.768694e+00 3.622292e+03 3.597790e+03 1.147014e+03 1.138734e+03
1.774977e+00 3.643850e+03 3.613243e+03 1.168572e+03 1.154186e+03
1.781264e+00 3.652878e+03 3.630371e+03 1.177600e+03 1.171314e+03
1.787546e+00 3.674223e+03 3.641293e+03 1.198945e+03 1.182236e+03
1.793827e+00 3.678306e+03 3.658359e+03 1.203027e+03 1.199302e+03
1.800108e+00 3.683659e+03 3.653973e+03 1.208381e+03 1.194916e+03
1.806391e+00 3.705362e+03 3.679969e+03 1.230084e+03 1.220913e+03
1.812675e+00 3.725029e+03 3.701094e+03 1.249750e+03 1.242037e+03
1.818954e+00 3.740100e+03 3.711201e+03 1.264822e+03 1.252144e+03
1.825239e+00 3.753498e+03 3.726676e+03 1.278220e+03 1.267619e+03
1.831524e+00 3.767324e+03 3.737596e+03 1.292046e+03 1.278539e+03
1.837810e+00 3.786266e+03 3.752929e+03 1.310988e+03 1.293873e+03
1.844096e+00 3.805776e+03 3.778917e+03 1.330498e+03 1.319860e+03
1.850377e+00 3.819026e+03 3.784259e+03 1.343748e+03 1.325202e+03
1.856661e+00 3.836643e+03 3.808094e+03 1.361365e+03 1.349037e+03
1.862944e+00 3.857383e+03 3.826118e+03 1.382105e+03 1.367061e+03
1.869222e+00 3.881048e+03 3.856366e+03 1.405770e+03 1.397310e+03
1.875508e+00 3.890365e+03 3.865731e+03 1.415086e+03 1.406675e+03
1.881795e+00 3.896963e+03 3.873109e+03 1.421685e+03 1.414053e+03
1.888078e+00 3.934969e+03 3.905694e+03 1.459691e+03 1.446637e+03
1.894352e+00 3.951792e+03 3.928710e+03 1.476514e+03 1.469653e+03
1.900638e+00 3.973671e+03 3.941382e+03 1.498393e+03 1.482325e+03
1.906928e+00 3.989880e+03 3.962732e+03 1.514601e+03 1.503675e+03
1.913202e+00 4.011462e+03 3.984712e+03 1.536184e+03 1.525656e+03
1.919482e+00 4.041185e+03 4.008270e+03 1.565906e+03 1.549213e+03
1.925770e+00 4.049181e+03 4.024432e+03 1.573903e+03 1.565375e+03
1.932065e+00 4.081152e+03 4.058315e+03 1.605874e+03 1.599258e+03
1.938341e+00 4.107046e+03 4.071108e+03 1.631768e+03 1.612051e+03
1.944608e+00 4.121448e+03 4.094111e+03 1.646169e+03 1.635054e+03
1.950897e+00 4.154667e+03 4.122193e+03 1.679389e+03 1.663136e+03
1.957188e+00 4.190480e+03 4.166493e+03 1.715202e+03 1.707436e+03
1.963475e+00 4.196846e+03 4.175235e+03 1.721568e+03 1.716179e+03
1.969755e+00 4.228167e+03 4.205486e+03 1.752889e+03 1.746429e+03
1.976041e+00 4.261593e+03 4.227584e+03 1.786315e+03 1.768528e+03
1.982333e+00 4.289961e+03 4.267889e+03 1.814683e+03 1.808833e+03
1.988612e+00 4.323781e+03 4.295312e+03 1.848503e+03 1.836255e+03
1.994888e+00 4.348869e+03 4.309738e+03 1.873591e+03 1.850681e+03
2.001173e+00 4.376659e+03 4.339956e+03 1.901381e+03 1.880899e+03
2.007453e+00 4.408855e+03 4.373392e+03 1.933577e+03 1.914335e+03
2.013727e+00 4.439809e+03 4.406559e+03 1.964531e+03 1.947502e+03
2.020011e+00 4.468680e+03 4.434322e+03 1.993402e+03 1.975265e+03
2.026304e+00 4.502202e+03 4.490693e+03 2.026924e+03 2.031636e+03
2.032587e+00 4.524447e+03 4.486407e+03 2.049168e+03 2.027350e+03
2.038861e+00 4.575213e+03 4.543524e+03 2.099935e+03 2.084468e+03
2.045145e+00 4.575638e+03 4.545449e+03 2.100360e+03 2.086392e+03
2.051437e+00 4.642380e+03 4.584803e+03 2.167102e+03 2.125746e+03
2.057724e+00 4.677496e+03 4.643707e+03 2.202218e+03 2.184650e+03
2.064004e+00 4.733610e+03 4.708819e+03 2.258332e+03 2.249762e+03
2.070293e+00 4.750250e+03 4.725394e+03 2.274972e+03 2.266337e+03
2.076585e+00 4.791467e+03 4.749042e+03 2.316189e+03 2.289986e+03
2.082854e+00 4.848289e+03 4.805676e+03 2.373011e+03 2.346619e+03
2.089123e+00 4.878507e+03 4.853670e+03 2.403228e+03 2.394613e+03
2.095417e+00 4.906683e+03 4.879908e+03 2.431404e+03 2.420852e+03
2.101703e+00 4.958732e+03 4.918749e+03 2.483454e+03 2.459692e+03
2.107973e+00 4.980507e+03 4.972198e+03 2.505228e+03 2.513141e+03
2.114256e+00 5.028080e+03 5.018781e+03 2.552802e+03 2.559725e+03
2.120538e+00 5.090213e+03 5.059798e+03 2.614935e+03 2.600742e+03
2.126821e+00 5.116791e+03 5.104271e+03 2.641513e+03 2.645214e+03
2.133107e+00 5.181020e+03 5.137286e+03 2.705742e+03 2.678229e+03
2.139400e+00 5.197299e+03 5.181553e+03 2.722021e+03 2.722497e+03
2.145689e+00 5.268444e+03 5.247892e+03 2.793165e+03 2.788835e+03
2.151958e+00 5.320327e+03 5.290022e+03 2.845049e+03 2.830966e+03
2.158240e+00 5.356212e+03 5.325759e+03 2.880933e+03 2.866703e+03
2.164530e+00 5.409041e+03 5.364719e+03 2.933763e+03 2.905663e+03
2.170817e+00 5.460609e+03 5.431037e+03 2.985331e+03 2.971980e+03
2.177099e+00 5.509342e+03 5.464107e+03 3.034064e+03 3.005050e+03
2.183377e+00 5.522319e+03 5.472954e+03 3.047041e+03 3.013897e+03
2.189655e+00 5.609508e+03 5.588416e+03 3.134230e+03 3.129359e+03
2.195938e+00 5.643920e+03 5.608566e+03 3.168642e+03 3.149509e+03
2.202217e+00 5.724567e+03 5.678811e+03 3.249289e+03 3.219754e+03
2.208499e+00 5.742258e+03 5.695713e+03 3.266980e+03 3.236656e+03
2.214794e+00 5.811412e+03 5.767932e+03 3.336134e+03 3.308875e+03
2.221076e+00 5.844762e+03 5.809387e+03 3.369484e+03 3.350330e+03
2.227338e+00 5.838819e+03 5.812306e+03 3.363541e+03 3.353249e+03
2.233628e+00 5.927690e+03 5.899843e+03 3.452412e+03 3.440787e+03
2.239929e+00 5.971623e+03 5.933652e+03 3.496345e+03 3.474596e+03
2.246201e+00 6.042353e+03 5.996395e+03 3.567075e+03 3.537338e+03
2.252481e+00 6.005309e+03 5.941859e+03 3.530031e+03 3.482803e+03
2.258760e+00 6.011807e+03 5.977179e+03 3.536529e+03 3.518123e+03
2.265038e+00 6.033477e+03 6.031298e+03 3.558199e+03 3.572241e+03
2.271304e+00 6.058838e+03 6.040556e+03 3.583560e+03 3.581500e+03
2.277590e+00 6.037105e+03 6.023336e+03 3.561827e+03 3.564280e+03
2.283898e+00 6.064467e+03 6.054114e+03 3.589188e+03 3.595058e+03
2.290170e+00 6.149074e+03 6.125633e+03 3.673796e+03 3.666576e+03
2.296454e+00 6.184675e+03 6.140915e+03 3.709397e+03 3.681859e+03
2.302754e+00 6.204736e+03 6.138383e+03 3.729458e+03 3.679326e+03
2.309033e+00 6.191187e+03 6.194530e+03 3.715909e+03 3.735473e+03
2.315307e+00 6.238478e+03 6.207449e+03 3.763200e+03 3.748392e+03
2.321585e+00 6.331132e+03 6.282798e+03 3.855854e+03 3.823741e+03
2.327876e+00 6.345749e+03 6.294043e+03 3.870471e+03 3.834986e+03
2.334155e+00 6.398546e+03 6.371747e+03 3.923268e+03 3.912690e+03
2.340419e+00 6.468041e+03 6.482028e+03 3.992763e+03 4.022971e+03
2.346707e+00 6.488763e+03 6.469460e+03 4.013484e+03 4.010404e+03
2.353003e+00 6.537705e+03 6.505050e+03 4.062426e+03 4.045993e+03
2.359290e+00 6.532490e+03 6.514547e+03 4.057212e+03 4.055490e+03
2.365554e+00 6.618288e+03 6.578393e+03 4.143009e+03 4.119337e+03
2.371826e+00 6.700204e+03 6.667530e+03 4.224926e+03 4.208473e+03
2.378141e+00 6.709798e+03 6.728490e+03 4.234520e+03 4.269433e+03
2.384428e+00 6.785734e+03 6.744341e+03 4.310456e+03 4.285285e+03
2.390693e+00 6.832060e+03 6.823318e+03 4.356782e+03 4.364261e+03
2.396988e+00 6.890717e+03 6.911683e+03 4.415439e+03 4.452627e+03
2.403304e+00 6.982962e+03 6.978354e+03 4.507684e+03 4.519297e+03
2.409573e+00 7.120558e+03 7.048946e+03 4.645280e+03 4.589889e+03
2.415831e+00 7.065402e+03 7.024017e+03 4.590124e+03 4.564960e+03
2.422144e+00 7.243601e+03 7.143288e+03 4.768323e+03 4.684231e+03
2.428430e+00 7.299067e+03 7.257792e+03 4.823788e+03 4.798736e+03
2.434678e+00 7.377409e+03 7.373942e+03 4.902131e+03 4.914885e+03
2.440970e+00 7.437586e+03 7.431244e+03 4.962308e+03 4.972188e+03
2.447299e+00 7.492602e+03 7.506552e+03 5.017324e+03 5.047495e+03
2.453569e+00 7.602910e+03 7.586012e+03 5.127632e+03 5.126955e+03
2.459800e+00 7.773998e+03 7.692480e+03 5.298720e+03 5.233424e+03
2.466109e+00 7.822655e+03 7.754052e+03 5.347377e+03 5.294996e+03
2.472414e+00 7.836914e+03 7.863389e+03 5.361636e+03 5.404333e+03
2.478664e+00 8.008296e+03 8.026107e+03 5.533017e+03 5.567051e+03
2.484934e+00 8.063161e+03 8.066664e+03 5.587883e+03 5.607608e+03
2.491243e+00 8.205498e+03 8.190807e+03 5.730220e+03 5.731751e+03
2.497555e+00 8.353882e+03 8.312858e+03 5.878604e+03 5.853802e+03
2.503804e+00 8.445617e+03 8.437821e+03 5.970339e+03 5.978764e+03
2.510050e+00 8.551850e+03 8.436628e+03 6.076571e+03 5.977571e+03
2.516388e+00 8.591862e+03 8.643227e+03 6.116584e+03 6.184170e+03
2.522697e+00 8.823766e+03 8.840915e+03 6.348488e+03 6.381859e+03
2.528912e+00 8.889536e+03 8.922321e+03 6.414257e+03 6.463264e+03
2.535195e+00 9.129306e+03 9.035268e+03 6.654028e+03 6.576211e+03
2.541553e+00 9.257643e+03 9.183896e+03 6.782365e+03 6.724839e+03
2.547834e+00 9.394294e+03 9.359400e+03 6.919016e+03 6.900343e+03
2.554028e+00 9.334847e+03 9.337506e+03 6.859569e+03 6.878450e+03
2.560336e+00 9.472365e+03 9.496584e+03 6.997087e+03 7.037527e+03
2.566724e+00 9.743347e+03 9.635112e+03 7.268069e+03 7.176055e+03
2.572948e+00 9.824564e+03 9.827632e+03 7.349286e+03 7.368576e+03
2.579113e+00 1.002064e+04 9.988657e+03 7.545360e+03 7.529600e+03
2.585475e+00 1.015017e+04 1.015468e+04 7.674888e+03 7.695619e+03
2.591850e+00 1.040955e+04 1.034367e+04 7.934268e+03 7.884612e+03
2.598059e+00 1.046987e+04 1.059548e+04 7.994587e+03 8.136423e+03
2.604297e+00 1.074518e+04 1.073417e+04 8.269905e+03 8.275108e+03
2.610674e+00 1.100083e+04 1.113181e+04 8.525556e+03 8.672757e+03
2.616933e+00 1.101362e+04 1.093942e+04 8.538347e+03 8.480364e+03
2.623009e+00 1.147575e+04 1.144659e+04 9.000473e+03 8.987530e+03
2.629398e+00 1.173737e+04 1.168695e+04 9.262095e+03 9.227891e+03
2.635911e+00 1.188905e+04 1.165735e+04 9.413769e+03 9.198293e+03
2.642030e+00 1.199369e+04 1.168718e+04 9.518411e+03 9.228120e+03
2.648040e+00 1.218495e+04 1.212641e+04 9.709672e+03 9.667350e+03
2.654541e+00 1.246492e+04 1.254435e+04 9.989639e+03 1.008530e+04
2.661180e+00 1.268949e+04 1.256047e+04 1.021421e+04 1.010141e+04
2.667195e+00 1.293431e+04 1.275215e+04 1.045903e+04 1.029309e+04
2.673091e+00 1.320543e+04 1.352770e+04 1.073015e+04 1.106864e+04
2.679732e+00 1.327131e+04 1.354554e+04 1.079603e+04 1.108649e+04
2.686467e+00 1.372699e+04 1.378025e+04 1.125171e+04 1.132120e+04
2.692198e+00 1.399389e+04 1.421812e+04 1.151861e+04 1.175906e+04
2.697965e+00 1.436893e+04 1.453411e+04 1.189365e+04 1.207505e+04
2.704892e+00 1.466031e+04 1.481059e+04 1.218503e+04 1.235154e+04
2.711820e+00 1.466996e+04 1.458382e+04 1.219468e+04 1.212476e+04
2.717098e+00 1.597837e+04 1.659388e+04 1.350309e+04 1.413483e+04
2.722786e+00 1.600457e+04 1.586755e+04 1.352929e+04 1.340849e+04
2.729948e+00 1.656959e+04 1.616249e+04 1.409431e+04 1.370343e+04
2.737065e+00 1.647183e+04 1.699068e+04 1.399655e+04 1.453162e+04
2.742488e+00 1.758690e+04 1.900333e+04 1.511162e+04 1.654427e+04
2.747873e+00 1.758895e+04 1.727301e+04 1.511367e+04 1.481395e+04
2.755043e+00 1.707870e+04 1.810687e+04 1.460342e+04 1.564782e+04
2.762199e+00 1.805446e+04 1.853984e+04 1.557919e+04 1.608078e+04
2.767893e+00 2.170397e+04 1.767713e+04 1.922869e+04 1.521807e+04
2.772832e+00 1.851265e+04 1.577978e+04 1.603738e+04 1.332073e+04
2.779656e+00 2.543263e+04 2.096227e+04 2.295735e+04 1.850322e+04
2.785996e+00 2.687207e+03 5.532515e+02 2.119287e+02 -1.905805e+03
