# k pk_pkd pk_ref pk_pkd-SN pk_ref-SN
8.899641e-03 3.427620e+04 3.646514e+04 3.167307e+04 3.400609e+04
1.507912e-02 5.339566e+04 5.117970e+04 5.079253e+04 4.872064e+04
2.144790e-02 6.256587e+04 6.082896e+04 5.996274e+04 5.836990e+04
2.783661e-02 4.117827e+04 3.997235e+04 3.857514e+04 3.751329e+04
3.435100e-02 3.760848e+04 3.621243e+04 3.500535e+04 3.375338e+04
4.047887e-02 3.130267e+04 3.034810e+04 2.869954e+04 2.788905e+04
4.676717e-02 3.004789e+04 2.909299e+04 2.744476e+04 2.663393e+04
5.308225e-02 2.560350e+04 2.507177e+04 2.300037e+04 2.261271e+04
5.945362e-02 2.571913e+04 2.464512e+04 2.311600e+04 2.218606e+04
6.576225e-02 2.251558e+04 2.198255e+04 1.991245e+04 1.952349e+04
7.196633e-02 2.118598e+04 2.038498e+04 1.858285e+04 1.792593e+04
7.827861e-02 2.180856e+04 2.115153e+04 1.920543e+04 1.869247e+04
8.470399e-02 1.804414e+04 1.753453e+04 1.544101e+04 1.507547e+04
9.096855e-02 1.596840e+04 1.555057e+04 1.336527e+04 1.309152e+04
9.720790e-02 1.477435e+04 1.419066e+04 1.217122e+04 1.173160e+04
1.034763e-01 1.404677e+04 1.357891e+04 1.144364e+04 1.111985e+04
1.097576e-01 1.234826e+04 1.205444e+04 9.745127e+03 9.595379e+03
1.160543e-01 1.194853e+04 1.133563e+04 9.345397e+03 8.876577e+03
1.223670e-01 1.082544e+04 1.052370e+04 8.222310e+03 8.064641e+03
1.286817e-01 1.108482e+04 1.065348e+04 8.481693e+03 8.194420e+03
1.349501e-01 1.027744e+04 9.956044e+03 7.674308e+03 7.496987e+03
1.411950e-01 9.741195e+03 9.349178e+03 7.138066e+03 6.890121e+03
1.475134e-01 9.441378e+03 9.125077e+03 6.838249e+03 6.666020e+03
1.537865e-01 9.001968e+03 8.656170e+03 6.398839e+03 6.197113e+03
1.600658e-01 8.499029e+03 8.157951e+03 5.895900e+03 5.698894e+03
1.663991e-01 8.042122e+03 7.708962e+03 5.438992e+03 5.249905e+03
1.727196e-01 7.964817e+03 7.595449e+03 5.361687e+03 5.136392e+03
1.789765e-01 7.430944e+03 7.148623e+03 4.827815e+03 4.689566e+03
1.852354e-01 7.379187e+03 7.124543e+03 4.776058e+03 4.665487e+03
1.914807e-01 7.166151e+03 6.850403e+03 4.563022e+03 4.391346e+03
1.977890e-01 6.987715e+03 6.689747e+03 4.384585e+03 4.230690e+03
2.040938e-01 6.698515e+03 6.451532e+03 4.095385e+03 3.992475e+03
2.103939e-01 6.580381e+03 6.293185e+03 3.977251e+03 3.834129e+03
2.166910e-01 6.430550e+03 6.148165e+03 3.827421e+03 3.689108e+03
2.229700e-01 6.184047e+03 5.922858e+03 3.580917e+03 3.463801e+03
2.292620e-01 5.905183e+03 5.676620e+03 3.302053e+03 3.217563e+03
2.355142e-01 5.842530e+03 5.599627e+03 3.239400e+03 3.140571e+03
2.417911e-01 5.637501e+03 5.345560e+03 3.034371e+03 2.886503e+03
2.480857e-01 5.536759e+03 5.306295e+03 2.933629e+03 2.847239e+03
2.543492e-01 5.431233e+03 5.146731e+03 2.828104e+03 2.687675e+03
2.606334e-01 5.277722e+03 5.071264e+03 2.674593e+03 2.612208e+03
2.669257e-01 5.193311e+03 4.960966e+03 2.590181e+03 2.501910e+03
2.732423e-01 5.078790e+03 4.809298e+03 2.475660e+03 2.350242e+03
2.795530e-01 5.025095e+03 4.798295e+03 2.421965e+03 2.339239e+03
2.858366e-01 4.889966e+03 4.685258e+03 2.286837e+03 2.226201e+03
2.920876e-01 4.953117e+03 4.703010e+03 2.349988e+03 2.243954e+03
2.983450e-01 4.778891e+03 4.531176e+03 2.175762e+03 2.072120e+03
3.046383e-01 4.730959e+03 4.482290e+03 2.127829e+03 2.023233e+03
3.109279e-01 4.586180e+03 4.368240e+03 1.983050e+03 1.909183e+03
3.172168e-01 4.607270e+03 4.363167e+03 2.004141e+03 1.904111e+03
3.235188e-01 4.460295e+03 4.264459e+03 1.857165e+03 1.805402e+03
3.298168e-01 4.419400e+03 4.214607e+03 1.816271e+03 1.755551e+03
3.361176e-01 4.372285e+03 4.147754e+03 1.769155e+03 1.688697e+03
3.423700e-01 4.298455e+03 4.105543e+03 1.695326e+03 1.646486e+03
3.486478e-01 4.194222e+03 4.017212e+03 1.591093e+03 1.558156e+03
3.549412e-01 4.205680e+03 4.008016e+03 1.602551e+03 1.548959e+03
3.611917e-01 4.173716e+03 3.974252e+03 1.570586e+03 1.515196e+03
3.674767e-01 4.061950e+03 3.872775e+03 1.458820e+03 1.413719e+03
3.737648e-01 4.041983e+03 3.842159e+03 1.438853e+03 1.383103e+03
3.800654e-01 3.976552e+03 3.750782e+03 1.373423e+03 1.291725e+03
3.863540e-01 3.967811e+03 3.773545e+03 1.364681e+03 1.314489e+03
3.926140e-01 3.859669e+03 3.665949e+03 1.256540e+03 1.206892e+03
3.989265e-01 3.860221e+03 3.648528e+03 1.257091e+03 1.189471e+03
4.052073e-01 3.836048e+03 3.618562e+03 1.232918e+03 1.159505e+03
4.114916e-01 3.752059e+03 3.592585e+03 1.148930e+03 1.133528e+03
4.177814e-01 3.770171e+03 3.575846e+03 1.167041e+03 1.116790e+03
4.240401e-01 3.706091e+03 3.526344e+03 1.102961e+03 1.067288e+03
4.303426e-01 3.692800e+03 3.501015e+03 1.089670e+03 1.041958e+03
4.366359e-01 3.704577e+03 3.504488e+03 1.101447e+03 1.045431e+03
4.428996e-01 3.656369e+03 3.467519e+03 1.053239e+03 1.008463e+03
4.491634e-01 3.636179e+03 3.440182e+03 1.033050e+03 9.811258e+02
4.554414e-01 3.597451e+03 3.410407e+03 9.943213e+02 9.513506e+02
4.617634e-01 3.563779e+03 3.373632e+03 9.606500e+02 9.145751e+02
4.680644e-01 3.533096e+03 3.365262e+03 9.299664e+02 9.062058e+02
4.743485e-01 3.492357e+03 3.315952e+03 8.892271e+02 8.568951e+02
4.806356e-01 3.452059e+03 3.279345e+03 8.489291e+02 8.202887e+02
4.869019e-01 3.454937e+03 3.277494e+03 8.518072e+02 8.184370e+02
4.931697e-01 3.414776e+03 3.250647e+03 8.116466e+02 7.915903e+02
4.994507e-01 3.412737e+03 3.241705e+03 8.096074e+02 7.826484e+02
5.057159e-01 3.394363e+03 3.207183e+03 7.912334e+02 7.481260e+02
5.119924e-01 3.342444e+03 3.163645e+03 7.393149e+02 7.045888e+02
5.183126e-01 3.358151e+03 3.192986e+03 7.550216e+02 7.339295e+02
5.246090e-01 3.303956e+03 3.142068e+03 7.008263e+02 6.830110e+02
5.308757e-01 3.346097e+03 3.180335e+03 7.429671e+02 7.212786e+02
5.371574e-01 3.300916e+03 3.130065e+03 6.977868e+02 6.710088e+02
5.434580e-01 3.283977e+03 3.107625e+03 6.808479e+02 6.485683e+02
5.497431e-01 3.236202e+03 3.073464e+03 6.330724e+02 6.144074e+02
5.559937e-01 3.246498e+03 3.074769e+03 6.433683e+02 6.157127e+02
5.622855e-01 3.207521e+03 3.044054e+03 6.043915e+02 5.849973e+02
5.686012e-01 3.213292e+03 3.033538e+03 6.101621e+02 5.744817e+02
5.748805e-01 3.199709e+03 3.033197e+03 5.965794e+02 5.741398e+02
5.811550e-01 3.178456e+03 3.011051e+03 5.753269e+02 5.519944e+02
5.874394e-01 3.129610e+03 2.966053e+03 5.264804e+02 5.069959e+02
5.937176e-01 3.135770e+03 2.973132e+03 5.326403e+02 5.140756e+02
5.999972e-01 3.126652e+03 2.965675e+03 5.235230e+02 5.066179e+02
6.062679e-01 3.120417e+03 2.954276e+03 5.172873e+02 4.952189e+02
6.125470e-01 3.115568e+03 2.941399e+03 5.124389e+02 4.823423e+02
6.188478e-01 3.076961e+03 2.924430e+03 4.738312e+02 4.653731e+02
6.251311e-01 3.076402e+03 2.918100e+03 4.732721e+02 4.590437e+02
6.314027e-01 3.079324e+03 2.925124e+03 4.761946e+02 4.660673e+02
6.377004e-01 3.061986e+03 2.908731e+03 4.588561e+02 4.496746e+02
6.439858e-01 3.060144e+03 2.893929e+03 4.570149e+02 4.348721e+02
6.502685e-01 3.015819e+03 2.839865e+03 4.126896e+02 3.808080e+02
6.565586e-01 3.008601e+03 2.849895e+03 4.054714e+02 3.908378e+02
6.628369e-01 3.035498e+03 2.868831e+03 4.323690e+02 4.097742e+02
6.691185e-01 2.991637e+03 2.828944e+03 3.885073e+02 3.698870e+02
6.754070e-01 2.987754e+03 2.835683e+03 3.846246e+02 3.766265e+02
6.816836e-01 2.973179e+03 2.803572e+03 3.700497e+02 3.445150e+02
6.879593e-01 2.968680e+03 2.808149e+03 3.655506e+02 3.490920e+02
6.942344e-01 2.975491e+03 2.818291e+03 3.723612e+02 3.592343e+02
7.005175e-01 2.953811e+03 2.799670e+03 3.506811e+02 3.406131e+02
7.068125e-01 2.951252e+03 2.794007e+03 3.481222e+02 3.349499e+02
7.131019e-01 2.944258e+03 2.795669e+03 3.411285e+02 3.366123e+02
7.193918e-01 2.923239e+03 2.772324e+03 3.201100e+02 3.132672e+02
7.256834e-01 2.924091e+03 2.757837e+03 3.209620e+02 2.987805e+02
7.319653e-01 2.921697e+03 2.755002e+03 3.185674e+02 2.959457e+02
7.382508e-01 2.895919e+03 2.737626e+03 2.927899e+02 2.785696e+02
7.445266e-01 2.889657e+03 2.727445e+03 2.865272e+02 2.683881e+02
7.507871e-01 2.881842e+03 2.737215e+03 2.787121e+02 2.781578e+02
7.570758e-01 2.892900e+03 2.743266e+03 2.897706e+02 2.842089e+02
7.633641e-01 2.861802e+03 2.706135e+03 2.586722e+02 2.470781e+02
7.696463e-01 2.871502e+03 2.721640e+03 2.683728e+02 2.625830e+02
7.759395e-01 2.861419e+03 2.711248e+03 2.582893e+02 2.521911e+02
7.822329e-01 2.873605e+03 2.711868e+03 2.704751e+02 2.528117e+02
7.885315e-01 2.861800e+03 2.712751e+03 2.586701e+02 2.536940e+02
7.947897e-01 2.850585e+03 2.693739e+03 2.474551e+02 2.346824e+02
8.010491e-01 2.851704e+03 2.692137e+03 2.485747e+02 2.330800e+02
8.073364e-01 2.819775e+03 2.663881e+03 2.166455e+02 2.048244e+02
8.136229e-01 2.819268e+03 2.670945e+03 2.161387e+02 2.118880e+02
8.199153e-01 2.819878e+03 2.667132e+03 2.167483e+02 2.080756e+02
8.261953e-01 2.811996e+03 2.659350e+03 2.088662e+02 2.002937e+02
8.324897e-01 2.819006e+03 2.665743e+03 2.158764e+02 2.066866e+02
8.387959e-01 2.819986e+03 2.664941e+03 2.168560e+02 2.058843e+02
8.450635e-01 2.807997e+03 2.652567e+03 2.048676e+02 1.935100e+02
8.513283e-01 2.798973e+03 2.646092e+03 1.958433e+02 1.870350e+02
8.576198e-01 2.797574e+03 2.643614e+03 1.944447e+02 1.845577e+02
8.639058e-01 2.792814e+03 2.628836e+03 1.896847e+02 1.697788e+02
8.701839e-01 2.796885e+03 2.636611e+03 1.937558e+02 1.775545e+02
8.764641e-01 2.786079e+03 2.629347e+03 1.829495e+02 1.702902e+02
8.827504e-01 2.776070e+03 2.626604e+03 1.729400e+02 1.675468e+02
8.890333e-01 2.785067e+03 2.624842e+03 1.819372e+02 1.657856e+02
8.953084e-01 2.767246e+03 2.615109e+03 1.641164e+02 1.560524e+02
9.015957e-01 2.770536e+03 2.621650e+03 1.674066e+02 1.625933e+02
9.078833e-01 2.775077e+03 2.615344e+03 1.719472e+02 1.562869e+02
9.141744e-01 2.768408e+03 2.611574e+03 1.652786e+02 1.525177e+02
9.204631e-01 2.763268e+03 2.612070e+03 1.601388e+02 1.530133e+02
9.267434e-01 2.773483e+03 2.614623e+03 1.703533e+02 1.555667e+02
9.330324e-01 2.755476e+03 2.594605e+03 1.523466e+02 1.355485e+02
9.393266e-01 2.752509e+03 2.597107e+03 1.493791e+02 1.380501e+02
9.455975e-01 2.752234e+03 2.588900e+03 1.491041e+02 1.298435e+02
9.518660e-01 2.745256e+03 2.586600e+03 1.421265e+02 1.275434e+02
9.581413e-01 2.746596e+03 2.599925e+03 1.434663e+02 1.408678e+02
9.644351e-01 2.725984e+03 2.583297e+03 1.228540e+02 1.242405e+02
9.707356e-01 2.751039e+03 2.596451e+03 1.479098e+02 1.373944e+02
9.770081e-01 2.729733e+03 2.574759e+03 1.266035e+02 1.157021e+02
9.832823e-01 2.724815e+03 2.574508e+03 1.216856e+02 1.154508e+02
9.895570e-01 2.737899e+03 2.583254e+03 1.347693e+02 1.241973e+02
9.958456e-01 2.739083e+03 2.587053e+03 1.359540e+02 1.279959e+02
1.002136e+00 2.740412e+03 2.583602e+03 1.372825e+02 1.245451e+02
1.008405e+00 2.741679e+03 2.589927e+03 1.385497e+02 1.308704e+02
1.014694e+00 2.730221e+03 2.580630e+03 1.270916e+02 1.215730e+02
1.020993e+00 2.729936e+03 2.578362e+03 1.268063e+02 1.193051e+02
1.027274e+00 2.727881e+03 2.578832e+03 1.247516e+02 1.197749e+02
1.033559e+00 2.723606e+03 2.577308e+03 1.204768e+02 1.182515e+02
1.039848e+00 2.721811e+03 2.575107e+03 1.186820e+02 1.160499e+02
1.046127e+00 2.730568e+03 2.579402e+03 1.274383e+02 1.203456e+02
1.052403e+00 2.722496e+03 2.576137e+03 1.193661e+02 1.170805e+02
1.058681e+00 2.732979e+03 2.582619e+03 1.298499e+02 1.235618e+02
1.064964e+00 2.734476e+03 2.583417e+03 1.313464e+02 1.243606e+02
1.071257e+00 2.728642e+03 2.567347e+03 1.255124e+02 1.082902e+02
1.077544e+00 2.720897e+03 2.565826e+03 1.177680e+02 1.067696e+02
1.083825e+00 2.728919e+03 2.566211e+03 1.257894e+02 1.071544e+02
1.090108e+00 2.726608e+03 2.577273e+03 1.234784e+02 1.182163e+02
1.096390e+00 2.727361e+03 2.579968e+03 1.242316e+02 1.209108e+02
1.102681e+00 2.724690e+03 2.572654e+03 1.215602e+02 1.135973e+02
1.108963e+00 2.726853e+03 2.572188e+03 1.237235e+02 1.131314e+02
1.115225e+00 2.734870e+03 2.580285e+03 1.317403e+02 1.212282e+02
1.121502e+00 2.740504e+03 2.590697e+03 1.373745e+02 1.316400e+02
1.127793e+00 2.726615e+03 2.577807e+03 1.234854e+02 1.187502e+02
1.134090e+00 2.733511e+03 2.586140e+03 1.303813e+02 1.270837e+02
1.140364e+00 2.739736e+03 2.583624e+03 1.366063e+02 1.245677e+02
1.146639e+00 2.735459e+03 2.585396e+03 1.323293e+02 1.263392e+02
1.152942e+00 2.740177e+03 2.591987e+03 1.370472e+02 1.329307e+02
1.159229e+00 2.742645e+03 2.586417e+03 1.395151e+02 1.273602e+02
1.165509e+00 2.745001e+03 2.592350e+03 1.418713e+02 1.332932e+02
1.171793e+00 2.753903e+03 2.591679e+03 1.507732e+02 1.326225e+02
1.178087e+00 2.752166e+03 2.595982e+03 1.490363e+02 1.369251e+02
1.184368e+00 2.745102e+03 2.594235e+03 1.419723e+02 1.351783e+02
1.190635e+00 2.754799e+03 2.602108e+03 1.516694e+02 1.430517e+02
1.196912e+00 2.758070e+03 2.602607e+03 1.549404e+02 1.435504e+02
1.203202e+00 2.757661e+03 2.597649e+03 1.545315e+02 1.385924e+02
1.209487e+00 2.762932e+03 2.608951e+03 1.598022e+02 1.498948e+02
1.215764e+00 2.769067e+03 2.614650e+03 1.659379e+02 1.555930e+02
1.222050e+00 2.772572e+03 2.618636e+03 1.694422e+02 1.595790e+02
1.228341e+00 2.786885e+03 2.622616e+03 1.837560e+02 1.635594e+02
1.234633e+00 2.778229e+03 2.626611e+03 1.750997e+02 1.675542e+02
1.240902e+00 2.798032e+03 2.643103e+03 1.949026e+02 1.840459e+02
1.247175e+00 2.782451e+03 2.631617e+03 1.793219e+02 1.725605e+02
1.253465e+00 2.801183e+03 2.639732e+03 1.980536e+02 1.806749e+02
1.259750e+00 2.790404e+03 2.633014e+03 1.872743e+02 1.739576e+02
1.266032e+00 2.801042e+03 2.642452e+03 1.979123e+02 1.833957e+02
1.272316e+00 2.810100e+03 2.654362e+03 2.069706e+02 1.953057e+02
1.278604e+00 2.814905e+03 2.655501e+03 2.117755e+02 1.964446e+02
1.284887e+00 2.829437e+03 2.671793e+03 2.263071e+02 2.127367e+02
1.291175e+00 2.828184e+03 2.671995e+03 2.250545e+02 2.129382e+02
1.297466e+00 2.836124e+03 2.679349e+03 2.329941e+02 2.202924e+02
1.303742e+00 2.838042e+03 2.678172e+03 2.349126e+02 2.191149e+02
1.310017e+00 2.839972e+03 2.673848e+03 2.368429e+02 2.147910e+02
1.316301e+00 2.849433e+03 2.688734e+03 2.463040e+02 2.296776e+02
1.322587e+00 2.849441e+03 2.689323e+03 2.463111e+02 2.302661e+02
1.328865e+00 2.867350e+03 2.702543e+03 2.642202e+02 2.434861e+02
1.335145e+00 2.873750e+03 2.711185e+03 2.706202e+02 2.521285e+02
1.341441e+00 2.879815e+03 2.720897e+03 2.766853e+02 2.618407e+02
1.347731e+00 2.890697e+03 2.726027e+03 2.875675e+02 2.669702e+02
1.354002e+00 2.902228e+03 2.744127e+03 2.990983e+02 2.850703e+02
1.360283e+00 2.899387e+03 2.734825e+03 2.962576e+02 2.757684e+02
1.366566e+00 2.914852e+03 2.749031e+03 3.117228e+02 2.899748e+02
1.372851e+00 2.926454e+03 2.764244e+03 3.233247e+02 3.051874e+02
1.379135e+00 2.931289e+03 2.764133e+03 3.281594e+02 3.050767e+02
1.385410e+00 2.946376e+03 2.783039e+03 3.432464e+02 3.239826e+02
1.391699e+00 2.952149e+03 2.781527e+03 3.490197e+02 3.224703e+02
1.397984e+00 2.963986e+03 2.801995e+03 3.608570e+02 3.429383e+02
1.404268e+00 2.975543e+03 2.809155e+03 3.724136e+02 3.500983e+02
1.410555e+00 2.977271e+03 2.807815e+03 3.741414e+02 3.487581e+02
1.416838e+00 2.996490e+03 2.829308e+03 3.933607e+02 3.702513e+02
1.423118e+00 3.003304e+03 2.843545e+03 4.001747e+02 3.844888e+02
1.429398e+00 3.009981e+03 2.842337e+03 4.068518e+02 3.832799e+02
1.435687e+00 3.028912e+03 2.855598e+03 4.257824e+02 3.965412e+02
1.441977e+00 3.034172e+03 2.859911e+03 4.310427e+02 4.008539e+02
1.448254e+00 3.059041e+03 2.892864e+03 4.559113e+02 4.338075e+02
1.454532e+00 3.069555e+03 2.900547e+03 4.664255e+02 4.414901e+02
1.460819e+00 3.085886e+03 2.916465e+03 4.827566e+02 4.574081e+02
1.467110e+00 3.095282e+03 2.911005e+03 4.921521e+02 4.519482e+02
1.473393e+00 3.117526e+03 2.943635e+03 5.143963e+02 4.845782e+02
1.479670e+00 3.130500e+03 2.954552e+03 5.273707e+02 4.954957e+02
1.485956e+00 3.144033e+03 2.968507e+03 5.409033e+02 5.094505e+02
1.492234e+00 3.156823e+03 2.983438e+03 5.536931e+02 5.243812e+02
1.498502e+00 3.174101e+03 2.994486e+03 5.709718e+02 5.354296e+02
1.504786e+00 3.193082e+03 3.015480e+03 5.899525e+02 5.564231e+02
1.511076e+00 3.206722e+03 3.025917e+03 6.035922e+02 5.668606e+02
1.517362e+00 3.233357e+03 3.045214e+03 6.302270e+02 5.861569e+02
1.523649e+00 3.247961e+03 3.067574e+03 6.448314e+02 6.085168e+02
1.529938e+00 3.267361e+03 3.087802e+03 6.642316e+02 6.287456e+02
1.536230e+00 3.283605e+03 3.099388e+03 6.804757e+02 6.403314e+02
1.542511e+00 3.310066e+03 3.127171e+03 7.069369e+02 6.681144e+02
1.548784e+00 3.323848e+03 3.136970e+03 7.207184e+02 6.779137e+02
1.555073e+00 3.355614e+03 3.159958e+03 7.524850e+02 7.009012e+02
1.561357e+00 3.364680e+03 3.171753e+03 7.615510e+02 7.126964e+02
1.567629e+00 3.390464e+03 3.200908e+03 7.873343e+02 7.418516e+02
1.573914e+00 3.420551e+03 3.223620e+03 8.174212e+02 7.645633e+02
1.580204e+00 3.436897e+03 3.239646e+03 8.337680e+02 7.805889e+02
1.586485e+00 3.465701e+03 3.274690e+03 8.625714e+02 8.156333e+02
1.592760e+00 3.485709e+03 3.290742e+03 8.825798e+02 8.316852e+02
1.599046e+00 3.526790e+03 3.332501e+03 9.236607e+02 8.734440e+02
1.605342e+00 3.546630e+03 3.341524e+03 9.435005e+02 8.824675e+02
1.611620e+00 3.557798e+03 3.351015e+03 9.546686e+02 8.919581e+02
1.617897e+00 3.561965e+03 3.362579e+03 9.588351e+02 9.035222e+02
1.624183e+00 3.560991e+03 3.369645e+03 9.578620e+02 9.105888e+02
1.630464e+00 3.582722e+03 3.382645e+03 9.795924e+02 9.235879e+02
1.636748e+00 3.594326e+03 3.391788e+03 9.911963e+02 9.327308e+02
1.643030e+00 3.596719e+03 3.394534e+03 9.935892e+02 9.354774e+02
1.649308e+00 3.611700e+03 3.407614e+03 1.008570e+03 9.485570e+02
1.655592e+00 3.617622e+03 3.413657e+03 1.014492e+03 9.545999e+02
1.661878e+00 3.614980e+03 3.425640e+03 1.011850e+03 9.665837e+02
1.668168e+00 3.623555e+03 3.416495e+03 1.020426e+03 9.574386e+02
1.674450e+00 3.641644e+03 3.440038e+03 1.038514e+03 9.809809e+02
1.680721e+00 3.655074e+03 3.446558e+03 1.051945e+03 9.875009e+02
1.687012e+00 3.648669e+03 3.444282e+03 1.045540e+03 9.852256e+02
1.693307e+00 3.672544e+03 3.465624e+03 1.069415e+03 1.006568e+03
1.699581e+00 3.688622e+03 3.476739e+03 1.085493e+03 1.017682e+03
1.705862e+00 3.687991e+03 3.485378e+03 1.084862e+03 1.026321e+03
1.712152e+00 3.700493e+03 3.493160e+03 1.097363e+03 1.034103e+03
1.718435e+00 3.699546e+03 3.491172e+03 1.096416e+03 1.032116e+03
1.724718e+00 3.724372e+03 3.514726e+03 1.121243e+03 1.055669e+03
1.730995e+00 3.732009e+03 3.520870e+03 1.128879e+03 1.061813e+03
1.737286e+00 3.747468e+03 3.529236e+03 1.144339e+03 1.070179e+03
1.743566e+00 3.766267e+03 3.545294e+03 1.163138e+03 1.086238e+03
1.749836e+00 3.767522e+03 3.551876e+03 1.164392e+03 1.092819e+03
1.756123e+00 3.789973e+03 3.571106e+03 1.186843e+03 1.112049e+03
1.762411e+00 3.790244e+03 3.577324e+03 1.187114e+03 1.118268e+03
1.768694e+00 3.808880e+03 3.597790e+03 1.205750e+03 1.138734e+03
1.774977e+00 3.834832e+03 3.613243e+03 1.231703e+03 1.154186e+03
1.781264e+00 3.844359e+03 3.630371e+03 1.241229e+03 1.171314e+03
1.787546e+00 3.868466e+03 3.641293e+03 1.265336e+03 1.182236e+03
1.793827e+00 3.869439e+03 3.658359e+03 1.266309e+03 1.199302e+03
1.800108e+00 3.874490e+03 3.653973e+03 1.271361e+03 1.194916e+03
1.806391e+00 3.897345e+03 3.679969e+03 1.294216e+03 1.220913e+03
1.812675e+00 3.920819e+03 3.701094e+03 1.317690e+03 1.242037e+03
1.818954e+00 3.932069e+03 3.711201e+03 1.328939e+03 1.252144e+03
1.825239e+00 3.944047e+03 3.726676e+03 1.340917e+03 1.267619e+03
1.831524e+00 3.965621e+03 3.737596e+03 1.362491e+03 1.278539e+03
1.837810e+00 3.983471e+03 3.752929e+03 1.380341e+03 1.293873e+03
1.844096e+00 4.004991e+03 3.778917e+03 1.401862e+03 1.319860e+03
1.850377e+00 4.018973e+03 3.784259e+03 1.415843e+03 1.325202e+03
1.856661e+00 4.037807e+03 3.808094e+03 1.434678e+03 1.349037e+03
1.862944e+00 4.059622e+03 3.826118e+03 1.456492e+03 1.367061e+03
1.869222e+00 4.088009e+03 3.856366e+03 1.484879e+03 1.397310e+03
1.875508e+00 4.093773e+03 3.865731e+03 1.490644e+03 1.406675e+03
1.881795e+00 4.100311e+03 3.873109e+03 1.497181e+03 1.414053e+03
1.888078e+00 4.139082e+03 3.905694e+03 1.535952e+03 1.446637e+03
1.894352e+00 4.156078e+03 3.928710e+03 1.552948e+03 1.469653e+03
1.900638e+00 4.183579e+03 3.941382e+03 1.580449e+03 1.482325e+03
1.906928e+00 4.201990e+03 3.962732e+03 1.598861e+03 1.503675e+03
1.913202e+00 4.222791e+03 3.984712e+03 1.619661e+03 1.525656e+03
1.919482e+00 4.252255e+03 4.008270e+03 1.649126e+03 1.549213e+03
1.925770e+00 4.264155e+03 4.024432e+03 1.661025e+03 1.565375e+03
1.932065e+00 4.297002e+03 4.058315e+03 1.693872e+03 1.599258e+03
1.938341e+00 4.323529e+03 4.071108e+03 1.720400e+03 1.612051e+03
1.944608e+00 4.338461e+03 4.094111e+03 1.735332e+03 1.635054e+03
1.950897e+00 4.374402e+03 4.122193e+03 1.771273e+03 1.663136e+03
1.957188e+00 4.411911e+03 4.166493e+03 1.808782e+03 1.707436e+03
1.963475e+00 4.417747e+03 4.175235e+03 1.814618e+03 1.716179e+03
1.969755e+00 4.451980e+03 4.205486e+03 1.848850e+03 1.746429e+03
1.976041e+00 4.484532e+03 4.227584e+03 1.881403e+03 1.768528e+03
1.982333e+00 4.513325e+03 4.267889e+03 1.910195e+03 1.808833e+03
1.988612e+00 4.552940e+03 4.295312e+03 1.949811e+03 1.836255e+03
1.994888e+00 4.573130e+03 4.309738e+03 1.970001e+03 1.850681e+03
2.001173e+00 4.609518e+03 4.339956e+03 2.006388e+03 1.880899e+03
2.007453e+00 4.639658e+03 4.373392e+03 2.036528e+03 1.914335e+03
2.013727e+00 4.672750e+03 4.406559e+03 2.069621e+03 1.947502e+03
2.020011e+00 4.702043e+03 4.434322e+03 2.098914e+03 1.975265e+03
2.026304e+00 4.740263e+03 4.490693e+03 2.137134e+03 2.031636e+03
2.032587e+00 4.765131e+03 4.486407e+03 2.162001e+03 2.027350e+03
2.038861e+00 4.817190e+03 4.543524e+03 2.214061e+03 2.084468e+03
2.045145e+00 4.820754e+03 4.545449e+03 2.217625e+03 2.086392e+03
2.051437e+00 4.888020e+03 4.584803e+03 2.284891e+03 2.125746e+03
2.057724e+00 4.924960e+03 4.643707e+03 2.321831e+03 2.184650e+03
2.064004e+00 4.974294e+03 4.708819e+03 2.371165e+03 2.249762e+03
2.070293e+00 5.000706e+03 4.725394e+03 2.397576e+03 2.266337e+03
2.076585e+00 5.044770e+03 4.749042e+03 2.441640e+03 2.289986e+03
2.082854e+00 5.105198e+03 4.805676e+03 2.502068e+03 2.346619e+03
2.089123e+00 5.136168e+03 4.853670e+03 2.533039e+03 2.394613e+03
2.095417e+00 5.166164e+03 4.879908e+03 2.563035e+03 2.420852e+03
2.101703e+00 5.224268e+03 4.918749e+03 2.621139e+03 2.459692e+03
2.107973e+00 5.248426e+03 4.972198e+03 2.645296e+03 2.513141e+03
2.114256e+00 5.297785e+03 5.018781e+03 2.694655e+03 2.559725e+03
2.120538e+00 5.360207e+03 5.059798e+03 2.757078e+03 2.600742e+03
2.126821e+00 5.389465e+03 5.104271e+03 2.786336e+03 2.645214e+03
2.133107e+00 5.460074e+03 5.137286e+03 2.856945e+03 2.678229e+03
2.139400e+00 5.472995e+03 5.181553e+03 2.869866e+03 2.722497e+03
2.145689e+00 5.543887e+03 5.247892e+03 2.940757e+03 2.788835e+03
2.151958e+00 5.604785e+03 5.290022e+03 3.001655e+03 2.830966e+03
2.158240e+00 5.643400e+03 5.325759e+03 3.040270e+03 2.866703e+03
2.164530e+00 5.700407e+03 5.364719e+03 3.097278e+03 2.905663e+03
2.170817e+00 5.748673e+03 5.431037e+03 3.145544e+03 2.971980e+03
2.177099e+00 5.801118e+03 5.464107e+03 3.197988e+03 3.005050e+03
2.183377e+00 5.814796e+03 5.472954e+03 3.211667e+03 3.013897e+03
2.189655e+00 5.912303e+03 5.588416e+03 3.309173e+03 3.129359e+03
2.195938e+00 5.946758e+03 5.608566e+03 3.343628e+03 3.149509e+03
2.202217e+00 6.036644e+03 5.678811e+03 3.433515e+03 3.219754e+03
2.208499e+00 6.049354e+03 5.695713e+03 3.446225e+03 3.236656e+03
2.214794e+00 6.112261e+03 5.767932e+03 3.509131e+03 3.308875e+03
2.221076e+00 6.151557e+03 5.809387e+03 3.548428e+03 3.350330e+03
2.227338e+00 6.150643e+03 5.812306e+03 3.547513e+03 3.353249e+03
2.233628e+00 6.237714e+03 5.899843e+03 3.634584e+03 3.440787e+03
2.239929e+00 6.283935e+03 5.933652e+03 3.680806e+03 3.474596e+03
2.246201e+00 6.356834e+03 5.996395e+03 3.753704e+03 3.537338e+03
2.252481e+00 6.315787e+03 5.941859e+03 3.712658e+03 3.482803e+03
2.258760e+00 6.334997e+03 5.977179e+03 3.731868e+03 3.518123e+03
2.265038e+00 6.366238e+03 6.031298e+03 3.763109e+03 3.572241e+03
2.271304e+00 6.380490e+03 6.040556e+03 3.777360e+03 3.581500e+03
2.277590e+00 6.366557e+03 6.023336e+03 3.763427e+03 3.564280e+03
2.283898e+00 6.385431e+03 6.054114e+03 3.782302e+03 3.595058e+03
2.290170e+00 6.468563e+03 6.125633e+03 3.865433e+03 3.666576e+03
2.296454e+00 6.522999e+03 6.140915e+03 3.919870e+03 3.681859e+03
2.302754e+00 6.541968e+03 6.138383e+03 3.938838e+03 3.679326e+03
2.309033e+00 6.522828e+03 6.194530e+03 3.919699e+03 3.735473e+03
2.315307e+00 6.581486e+03 6.207449e+03 3.978356e+03 3.748392e+03
2.321585e+00 6.672322e+03 6.282798e+03 4.069193e+03 3.823741e+03
2.327876e+00 6.694149e+03 6.294043e+03 4.091020e+03 3.834986e+03
2.334155e+00 6.746317e+03 6.371747e+03 4.143187e+03 3.912690e+03
2.340419e+00 6.815545e+03 6.482028e+03 4.212416e+03 4.022971e+03
2.346707e+00 6.833310e+03 6.469460e+03 4.230180e+03 4.010404e+03
2.353003e+00 6.897854e+03 6.505050e+03 4.294724e+03 4.045993e+03
2.359290e+00 6.878640e+03 6.514547e+03 4.275511e+03 4.055490e+03
2.365554e+00 6.972902e+03 6.578393e+03 4.369773e+03 4.119337e+03
2.371826e+00 7.069698e+03 6.667530e+03 4.466569e+03 4.208473e+03
2.378141e+00 7.067768e+03 6.728490e+03 4.464639e+03 4.269433e+03
2.384428e+00 7.140557e+03 6.744341e+03 4.537427e+03 4.285285e+03
2.390693e+00 7.208463e+03 6.823318e+03 4.605333e+03 4.364261e+03
2.396988e+00 7.243207e+03 6.911683e+03 4.640078e+03 4.452627e+03
2.403304e+00 7.369325e+03 6.978354e+03 4.766195e+03 4.519297e+03
2.409573e+00 7.486852e+03 7.048946e+03 4.883723e+03 4.589889e+03
2.415831e+00 7.439480e+03 7.024017e+03 4.836351e+03 4.564960e+03
2.422144e+00 7.609333e+03 7.143288e+03 5.006204e+03 4.684231e+03
2.428430e+00 7.678676e+03 7.257792e+03 5.075547e+03 4.798736e+03
2.434678e+00 7.768046e+03 7.373942e+03 5.164916e+03 4.914885e+03
2.440970e+00 7.835417e+03 7.431244e+03 5.232288e+03 4.972188e+03
2.447299e+00 7.906823e+03 7.506552e+03 5.303694e+03 5.047495e+03
2.453569e+00 8.023977e+03 7.586012e+03 5.420847e+03 5.126955e+03
2.459800e+00 8.178771e+03 7.692480e+03 5.575642e+03 5.233424e+03
2.466109e+00 8.240345e+03 7.754052e+03 5.637215e+03 5.294996e+03
2.472414e+00 8.247760e+03 7.863389e+03 5.644631e+03 5.404333e+03
2.478664e+00 8.414534e+03 8.026107e+03 5.811405e+03 5.567051e+03
2.484934e+00 8.472481e+03 8.066664e+03 5.869352e+03 5.607608e+03
2.491243e+00 8.644519e+03 8.190807e+03 6.041390e+03 5.731751e+03
2.497555e+00 8.798330e+03 8.312858e+03 6.195200e+03 5.853802e+03
2.503804e+00 8.905245e+03 8.437821e+03 6.302116e+03 5.978764e+03
2.510050e+00 9.005914e+03 8.436628e+03 6.402784e+03 5.977571e+03
2.516388e+00 9.037915e+03 8.643227e+03 6.434786e+03 6.184170e+03
2.522697e+00 9.282967e+03 8.840915e+03 6.679837e+03 6.381859e+03
2.528912e+00 9.347340e+03 8.922321e+03 6.744211e+03 6.463264e+03
2.535195e+00 9.604622e+03 9.035268e+03 7.001492e+03 6.576211e+03
2.541553e+00 9.777414e+03 9.183896e+03 7.174285e+03 6.724839e+03
2.547834e+00 9.907575e+03 9.359400e+03 7.304446e+03 6.900343e+03
2.554028e+00 9.843431e+03 9.337506e+03 7.240301e+03 6.878450e+03
2.560336e+00 9.959394e+03 9.496584e+03 7.356265e+03 7.037527e+03
2.566724e+00 1.024921e+04 9.635112e+03 7.646079e+03 7.176055e+03
2.572948e+00 1.029384e+04 9.827632e+03 7.690713e+03 7.368576e+03
2.579113e+00 1.051806e+04 9.988657e+03 7.914927e+03 7.529600e+03
2.585475e+00 1.070673e+04 1.015468e+04 8.103603e+03 7.695619e+03
2.591850e+00 1.098649e+04 1.034367e+04 8.383361e+03 7.884612e+03
2.598059e+00 1.104384e+04 1.059548e+04 8.440714e+03 8.136423e+03
2.604297e+00 1.126514e+04 1.073417e+04 8.662009e+03 8.275108e+03
2.610674e+00 1.159528e+04 1.113181e+04 8.992154e+03 8.672757e+03
2.616933e+00 1.160186e+04 1.093942e+04 8.998727e+03 8.480364e+03
2.623009e+00 1.202708e+04 1.144659e+04 9.423947e+03 8.987530e+03
2.629398e+00 1.240617e+04 1.168695e+04 9.803041e+03 9.227891e+03
2.635911e+00 1.249284e+04 1.165735e+04 9.889715e+03 9.198293e+03
2.642030e+00 1.261465e+04 1.168718e+04 1.001152e+04 9.228120e+03
2.648040e+00 1.293141e+04 1.212641e+04 1.032828e+04 9.667350e+03
2.654541e+00 1.312422e+04 1.254435e+04 1.052109e+04 1.008530e+04
2.661180e+00 1.333123e+04 1.256047e+04 1.072810e+04 1.010141e+04
2.667195e+00 1.381648e+04 1.275215e+04 1.121335e+04 1.029309e+04
2.673091e+00 1.398882e+04 1.352770e+04 1.138569e+04 1.106864e+04
2.679732e+00 1.391272e+04 1.354554e+04 1.130959e+04 1.108649e+04
2.686467e+00 1.453568e+04 1.378025e+04 1.193255e+04 1.132120e+04
2.692198e+00 1.467767e+04 1.421812e+04 1.207454e+04 1.175906e+04
2.697965e+00 1.527101e+04 1.453411e+04 1.266788e+04 1.207505e+04
2.704892e+00 1.554835e+04 1.481059e+04 1.294522e+04 1.235154e+04
2.711820e+00 1.551551e+04 1.458382e+04 1.291238e+04 1.212476e+04
2.717098e+00 1.704406e+04 1.659388e+04 1.444093e+04 1.413483e+04
2.722786e+00 1.693933e+04 1.586755e+04 1.433620e+04 1.340849e+04
2.729948e+00 1.736810e+04 1.616249e+04 1.476497e+04 1.370343e+04
2.737065e+00 1.758438e+04 1.699068e+04 1.498126e+04 1.453162e+04
2.742488e+00 1.872398e+04 1.900333e+04 1.612085e+04 1.654427e+04
2.747873e+00 1.843526e+04 1.727301e+04 1.583213e+04 1.481395e+04
2.755043e+00 1.851024e+04 1.810687e+04 1.590711e+04 1.564782e+04
2.762199e+00 1.893749e+04 1.853984e+04 1.633436e+04 1.608078e+04
2.767893e+00 2.371640e+04 1.767713e+04 2.111327e+04 1.521807e+04
2.772832e+00 2.033242e+04 1.577978e+04 1.772929e+04 1.332073e+04
2.779656e+00 2.885605e+04 2.096227e+04 2.625292e+04 1.850322e+04
2.785996e+00 1.769268e+02 5.532515e+02 -2.426203e+03 -1.905805e+03
